epoch,cond,channel,pid,win,session,band,power,iaf,ch_name
0.0,S2-B1,0.0,P27,post,S2,alpha,5.315282396883468e-09,11.0,Pz
0.0,S2-B1,0.0,P27,pre,S2,alpha,4.9110577507905716e-09,11.0,Pz
0.0,S2-B1,0.0,P27,slice,S2,alpha,5.6068903784510285e-09,11.0,Pz
0.0,S2-B1,1.0,P27,post,S2,alpha,4.18014984254469e-09,11.0,P3
0.0,S2-B1,1.0,P27,pre,S2,alpha,3.910285229676907e-09,11.0,P3
0.0,S2-B1,1.0,P27,slice,S2,alpha,4.508284999358122e-09,11.0,P3
0.0,S2-B1,2.0,P27,post,S2,alpha,3.564849554379291e-09,11.0,O1
0.0,S2-B1,2.0,P27,pre,S2,alpha,3.4927969118890798e-09,11.0,O1
0.0,S2-B1,2.0,P27,slice,S2,alpha,3.9501753774702565e-09,11.0,O1
0.0,S2-B1,3.0,P27,post,S2,alpha,4.119261825078238e-09,11.0,Oz
0.0,S2-B1,3.0,P27,pre,S2,alpha,4.06064282196345e-09,11.0,Oz
0.0,S2-B1,3.0,P27,slice,S2,alpha,4.509003245875148e-09,11.0,Oz
0.0,S2-B1,4.0,P27,post,S2,alpha,5.2288637289855365e-09,11.0,O2
0.0,S2-B1,4.0,P27,pre,S2,alpha,5.111447077881071e-09,11.0,O2
0.0,S2-B1,4.0,P27,slice,S2,alpha,5.606171932619589e-09,11.0,O2
0.0,S2-B1,5.0,P27,post,S2,alpha,6.846336155188067e-09,11.0,P4
0.0,S2-B1,5.0,P27,pre,S2,alpha,6.59750441220363e-09,11.0,P4
0.0,S2-B1,5.0,P27,slice,S2,alpha,7.202676151795427e-09,11.0,P4
1.0,S2-B1,0.0,P27,post,S2,alpha,5.523116891983752e-09,11.0,Pz
1.0,S2-B1,0.0,P27,pre,S2,alpha,5.315100777753058e-09,11.0,Pz
1.0,S2-B1,0.0,P27,slice,S2,alpha,5.628162825581445e-09,11.0,Pz
1.0,S2-B1,1.0,P27,post,S2,alpha,4.378390528948067e-09,11.0,P3
1.0,S2-B1,1.0,P27,pre,S2,alpha,4.2846309953849325e-09,11.0,P3
1.0,S2-B1,1.0,P27,slice,S2,alpha,4.5270949985875125e-09,11.0,P3
1.0,S2-B1,2.0,P27,post,S2,alpha,4.095142854451583e-09,11.0,O1
1.0,S2-B1,2.0,P27,pre,S2,alpha,3.954758814777067e-09,11.0,O1
1.0,S2-B1,2.0,P27,slice,S2,alpha,3.966280600228271e-09,11.0,O1
1.0,S2-B1,3.0,P27,post,S2,alpha,4.892744944721063e-09,11.0,Oz
1.0,S2-B1,3.0,P27,pre,S2,alpha,4.597051903501058e-09,11.0,Oz
1.0,S2-B1,3.0,P27,slice,S2,alpha,4.526574588179739e-09,11.0,Oz
1.0,S2-B1,4.0,P27,post,S2,alpha,6.197321949979388e-09,11.0,O2
1.0,S2-B1,4.0,P27,pre,S2,alpha,5.716168438576176e-09,11.0,O2
1.0,S2-B1,4.0,P27,slice,S2,alpha,5.626751020645098e-09,11.0,O2
1.0,S2-B1,5.0,P27,post,S2,alpha,7.904325285751985e-09,11.0,P4
1.0,S2-B1,5.0,P27,pre,S2,alpha,7.272413279440534e-09,11.0,P4
1.0,S2-B1,5.0,P27,slice,S2,alpha,7.228166362070773e-09,11.0,P4
2.0,S2-B1,0.0,P27,post,S2,alpha,5.8338388848328695e-09,11.0,Pz
2.0,S2-B1,0.0,P27,pre,S2,alpha,5.6307695291978025e-09,11.0,Pz
2.0,S2-B1,0.0,P27,slice,S2,alpha,5.668353581495812e-09,11.0,Pz
2.0,S2-B1,1.0,P27,post,S2,alpha,4.776662723080809e-09,11.0,P3
2.0,S2-B1,1.0,P27,pre,S2,alpha,4.7154769793166435e-09,11.0,P3
2.0,S2-B1,1.0,P27,slice,S2,alpha,4.559901538579917e-09,11.0,P3
2.0,S2-B1,2.0,P27,post,S2,alpha,4.42580396603946e-09,11.0,O1
2.0,S2-B1,2.0,P27,pre,S2,alpha,4.567989406070993e-09,11.0,O1
2.0,S2-B1,2.0,P27,slice,S2,alpha,3.99523530179414e-09,11.0,O1
2.0,S2-B1,3.0,P27,post,S2,alpha,5.0883970632794374e-09,11.0,Oz
2.0,S2-B1,3.0,P27,pre,S2,alpha,5.224388671062869e-09,11.0,Oz
2.0,S2-B1,3.0,P27,slice,S2,alpha,4.560109493772467e-09,11.0,Oz
2.0,S2-B1,4.0,P27,post,S2,alpha,6.22726380259e-09,11.0,O2
2.0,S2-B1,4.0,P27,pre,S2,alpha,6.291514431785321e-09,11.0,O2
2.0,S2-B1,4.0,P27,slice,S2,alpha,5.669639104378735e-09,11.0,O2
2.0,S2-B1,5.0,P27,post,S2,alpha,7.782696309864238e-09,11.0,P4
2.0,S2-B1,5.0,P27,pre,S2,alpha,7.732638506762712e-09,11.0,P4
2.0,S2-B1,5.0,P27,slice,S2,alpha,7.282749759116832e-09,11.0,P4
3.0,S2-B1,0.0,P27,post,S2,alpha,5.1936166517835315e-09,11.0,Pz
3.0,S2-B1,0.0,P27,pre,S2,alpha,5.347002800530006e-09,11.0,Pz
3.0,S2-B1,0.0,P27,slice,S2,alpha,5.714514335996855e-09,11.0,Pz
3.0,S2-B1,1.0,P27,post,S2,alpha,4.123271636571107e-09,11.0,P3
3.0,S2-B1,1.0,P27,pre,S2,alpha,4.391732389226914e-09,11.0,P3
3.0,S2-B1,1.0,P27,slice,S2,alpha,4.596791600226136e-09,11.0,P3
3.0,S2-B1,2.0,P27,post,S2,alpha,3.598088394870492e-09,11.0,O1
3.0,S2-B1,2.0,P27,pre,S2,alpha,3.88650410395893e-09,11.0,O1
3.0,S2-B1,2.0,P27,slice,S2,alpha,4.0283430655186535e-09,11.0,O1
3.0,S2-B1,3.0,P27,post,S2,alpha,4.147856167523241e-09,11.0,Oz
3.0,S2-B1,3.0,P27,pre,S2,alpha,4.3340405430857385e-09,11.0,Oz
3.0,S2-B1,3.0,P27,slice,S2,alpha,4.597627107100519e-09,11.0,Oz
3.0,S2-B1,4.0,P27,post,S2,alpha,5.218569479473543e-09,11.0,O2
3.0,S2-B1,4.0,P27,pre,S2,alpha,5.250827619528522e-09,11.0,O2
3.0,S2-B1,4.0,P27,slice,S2,alpha,5.71484818769807e-09,11.0,O2
3.0,S2-B1,5.0,P27,post,S2,alpha,6.775327429990308e-09,11.0,P4
3.0,S2-B1,5.0,P27,pre,S2,alpha,6.64095807631901e-09,11.0,P4
3.0,S2-B1,5.0,P27,slice,S2,alpha,7.340161201037663e-09,11.0,P4
4.0,S2-B1,0.0,P27,post,S2,alpha,5.055217863032425e-09,11.0,Pz
4.0,S2-B1,0.0,P27,pre,S2,alpha,5.119782428033113e-09,11.0,Pz
4.0,S2-B1,0.0,P27,slice,S2,alpha,5.792171545858399e-09,11.0,Pz
4.0,S2-B1,1.0,P27,post,S2,alpha,4.206371163785863e-09,11.0,P3
4.0,S2-B1,1.0,P27,pre,S2,alpha,4.130008466529715e-09,11.0,P3
4.0,S2-B1,1.0,P27,slice,S2,alpha,4.659028311903243e-09,11.0,P3
4.0,S2-B1,2.0,P27,post,S2,alpha,4.036676688282815e-09,11.0,O1
4.0,S2-B1,2.0,P27,pre,S2,alpha,3.671931683521501e-09,11.0,O1
4.0,S2-B1,2.0,P27,slice,S2,alpha,4.082456085673898e-09,11.0,O1
4.0,S2-B1,3.0,P27,post,S2,alpha,4.638270712995971e-09,11.0,Oz
4.0,S2-B1,3.0,P27,pre,S2,alpha,4.209255186618797e-09,11.0,Oz
4.0,S2-B1,3.0,P27,slice,S2,alpha,4.65931897379553e-09,11.0,Oz
4.0,S2-B1,4.0,P27,post,S2,alpha,5.650170337945706e-09,11.0,O2
4.0,S2-B1,4.0,P27,pre,S2,alpha,5.238606446020813e-09,11.0,O2
4.0,S2-B1,4.0,P27,slice,S2,alpha,5.792125723340624e-09,11.0,O2
4.0,S2-B1,5.0,P27,post,S2,alpha,7.044953235713839e-09,11.0,P4
4.0,S2-B1,5.0,P27,pre,S2,alpha,6.737581616362209e-09,11.0,P4
4.0,S2-B1,5.0,P27,slice,S2,alpha,7.439693739867504e-09,11.0,P4
5.0,S2-B1,0.0,P27,post,S2,alpha,6.2766877071429125e-09,11.0,Pz
5.0,S2-B1,0.0,P27,pre,S2,alpha,5.874098984650173e-09,11.0,Pz
5.0,S2-B1,0.0,P27,slice,S2,alpha,5.736012946745433e-09,11.0,Pz
5.0,S2-B1,1.0,P27,post,S2,alpha,5.320458285279331e-09,11.0,P3
5.0,S2-B1,1.0,P27,pre,S2,alpha,4.964603896522482e-09,11.0,P3
5.0,S2-B1,1.0,P27,slice,S2,alpha,4.61342417894266e-09,11.0,P3
5.0,S2-B1,2.0,P27,post,S2,alpha,4.793117621370031e-09,11.0,O1
5.0,S2-B1,2.0,P27,pre,S2,alpha,4.410150011440781e-09,11.0,O1
5.0,S2-B1,2.0,P27,slice,S2,alpha,4.042123979626199e-09,11.0,O1
5.0,S2-B1,3.0,P27,post,S2,alpha,5.224669038365732e-09,11.0,Oz
5.0,S2-B1,3.0,P27,pre,S2,alpha,4.800602572647647e-09,11.0,Oz
5.0,S2-B1,3.0,P27,slice,S2,alpha,4.613703968962572e-09,11.0,Oz
5.0,S2-B1,4.0,P27,post,S2,alpha,6.134140182644071e-09,11.0,O2
5.0,S2-B1,4.0,P27,pre,S2,alpha,5.670673920107506e-09,11.0,O2
5.0,S2-B1,4.0,P27,slice,S2,alpha,5.736422893458686e-09,11.0,O2
5.0,S2-B1,5.0,P27,post,S2,alpha,7.546252308849216e-09,11.0,P4
5.0,S2-B1,5.0,P27,pre,S2,alpha,7.0314215306733375e-09,11.0,P4
5.0,S2-B1,5.0,P27,slice,S2,alpha,7.369963334057885e-09,11.0,P4
6.0,S2-B1,0.0,P27,post,S2,alpha,5.584833358190008e-09,11.0,Pz
6.0,S2-B1,0.0,P27,pre,S2,alpha,5.86972753277404e-09,11.0,Pz
6.0,S2-B1,0.0,P27,slice,S2,alpha,5.688788275341147e-09,11.0,Pz
6.0,S2-B1,1.0,P27,post,S2,alpha,4.50299562834914e-09,11.0,P3
6.0,S2-B1,1.0,P27,pre,S2,alpha,4.76202963903925e-09,11.0,P3
6.0,S2-B1,1.0,P27,slice,S2,alpha,4.576336257790042e-09,11.0,P3
6.0,S2-B1,2.0,P27,post,S2,alpha,3.862760523069339e-09,11.0,O1
6.0,S2-B1,2.0,P27,pre,S2,alpha,3.848285115373071e-09,11.0,O1
6.0,S2-B1,2.0,P27,slice,S2,alpha,4.008882565232193e-09,11.0,O1
6.0,S2-B1,3.0,P27,post,S2,alpha,4.338125674449769e-09,11.0,Oz
6.0,S2-B1,3.0,P27,pre,S2,alpha,4.164414414695411e-09,11.0,Oz
6.0,S2-B1,3.0,P27,slice,S2,alpha,4.575250168028153e-09,11.0,Oz
6.0,S2-B1,4.0,P27,post,S2,alpha,5.3617117164924075e-09,11.0,O2
6.0,S2-B1,4.0,P27,pre,S2,alpha,5.06868819933138e-09,11.0,O2
6.0,S2-B1,4.0,P27,slice,S2,alpha,5.688064795289353e-09,11.0,O2
6.0,S2-B1,5.0,P27,post,S2,alpha,6.922959642580196e-09,11.0,P4
6.0,S2-B1,5.0,P27,pre,S2,alpha,6.580096717139418e-09,11.0,P4
6.0,S2-B1,5.0,P27,slice,S2,alpha,7.306767465100554e-09,11.0,P4
7.0,S2-B1,0.0,P27,post,S2,alpha,5.2477288436545665e-09,11.0,Pz
7.0,S2-B1,0.0,P27,pre,S2,alpha,5.083506037530812e-09,11.0,Pz
7.0,S2-B1,0.0,P27,slice,S2,alpha,5.707068634281015e-09,11.0,Pz
7.0,S2-B1,1.0,P27,post,S2,alpha,4.279349405965862e-09,11.0,P3
7.0,S2-B1,1.0,P27,pre,S2,alpha,4.0195765594423565e-09,11.0,P3
7.0,S2-B1,1.0,P27,slice,S2,alpha,4.590902552970586e-09,11.0,P3
7.0,S2-B1,2.0,P27,post,S2,alpha,3.725451187838981e-09,11.0,O1
7.0,S2-B1,2.0,P27,pre,S2,alpha,3.4642177759095975e-09,11.0,O1
7.0,S2-B1,2.0,P27,slice,S2,alpha,4.021891114585324e-09,11.0,O1
7.0,S2-B1,3.0,P27,post,S2,alpha,4.184450922550906e-09,11.0,Oz
7.0,S2-B1,3.0,P27,pre,S2,alpha,4.004776174323949e-09,11.0,Oz
7.0,S2-B1,3.0,P27,slice,S2,alpha,4.589478936801696e-09,11.0,Oz
7.0,S2-B1,4.0,P27,post,S2,alpha,5.1397947720216026e-09,11.0,O2
7.0,S2-B1,4.0,P27,pre,S2,alpha,5.072893987661306e-09,11.0,O2
7.0,S2-B1,4.0,P27,slice,S2,alpha,5.7057064548153515e-09,11.0,O2
7.0,S2-B1,5.0,P27,post,S2,alpha,6.576049207996737e-09,11.0,P4
7.0,S2-B1,5.0,P27,pre,S2,alpha,6.632894898337872e-09,11.0,P4
7.0,S2-B1,5.0,P27,slice,S2,alpha,7.330099297888291e-09,11.0,P4
8.0,S2-B1,0.0,P27,post,S2,alpha,6.359616193280836e-09,11.0,Pz
8.0,S2-B1,0.0,P27,pre,S2,alpha,5.765398561477401e-09,11.0,Pz
8.0,S2-B1,0.0,P27,slice,S2,alpha,5.637206684207624e-09,11.0,Pz
8.0,S2-B1,1.0,P27,post,S2,alpha,5.157539341364419e-09,11.0,P3
8.0,S2-B1,1.0,P27,pre,S2,alpha,4.6311399654550775e-09,11.0,P3
8.0,S2-B1,1.0,P27,slice,S2,alpha,4.534601297063313e-09,11.0,P3
8.0,S2-B1,2.0,P27,post,S2,alpha,4.2247130392584585e-09,11.0,O1
8.0,S2-B1,2.0,P27,pre,S2,alpha,3.925452336941143e-09,11.0,O1
8.0,S2-B1,2.0,P27,slice,S2,alpha,3.97181911141937e-09,11.0,O1
8.0,S2-B1,3.0,P27,post,S2,alpha,4.637130672321388e-09,11.0,Oz
8.0,S2-B1,3.0,P27,pre,S2,alpha,4.432132480899041e-09,11.0,Oz
8.0,S2-B1,3.0,P27,slice,S2,alpha,4.5339578551244146e-09,11.0,Oz
8.0,S2-B1,4.0,P27,post,S2,alpha,5.681065793068443e-09,11.0,O2
8.0,S2-B1,4.0,P27,pre,S2,alpha,5.501968030248767e-09,11.0,O2
8.0,S2-B1,4.0,P27,slice,S2,alpha,5.637906854670871e-09,11.0,O2
8.0,S2-B1,5.0,P27,post,S2,alpha,7.329827694201183e-09,11.0,P4
8.0,S2-B1,5.0,P27,pre,S2,alpha,7.075366532539084e-09,11.0,P4
8.0,S2-B1,5.0,P27,slice,S2,alpha,7.242643703205192e-09,11.0,P4
9.0,S2-B1,0.0,P27,post,S2,alpha,5.714305139394347e-09,11.0,Pz
9.0,S2-B1,0.0,P27,pre,S2,alpha,5.870745138354242e-09,11.0,Pz
9.0,S2-B1,0.0,P27,slice,S2,alpha,5.663453598074234e-09,11.0,Pz
9.0,S2-B1,1.0,P27,post,S2,alpha,4.564652052337942e-09,11.0,P3
9.0,S2-B1,1.0,P27,pre,S2,alpha,4.5898507947163736e-09,11.0,P3
9.0,S2-B1,1.0,P27,slice,S2,alpha,4.554362697700812e-09,11.0,P3
9.0,S2-B1,2.0,P27,post,S2,alpha,3.809734692880836e-09,11.0,O1
9.0,S2-B1,2.0,P27,pre,S2,alpha,3.786683296214802e-09,11.0,O1
9.0,S2-B1,2.0,P27,slice,S2,alpha,3.989314168749245e-09,11.0,O1
9.0,S2-B1,3.0,P27,post,S2,alpha,4.290761723213474e-09,11.0,Oz
9.0,S2-B1,3.0,P27,pre,S2,alpha,4.362024429054496e-09,11.0,Oz
9.0,S2-B1,3.0,P27,slice,S2,alpha,4.554274267991033e-09,11.0,Oz
9.0,S2-B1,4.0,P27,post,S2,alpha,5.3570879304980014e-09,11.0,O2
9.0,S2-B1,4.0,P27,pre,S2,alpha,5.569788481225065e-09,11.0,O2
9.0,S2-B1,4.0,P27,slice,S2,alpha,5.663214504582918e-09,11.0,O2
9.0,S2-B1,5.0,P27,post,S2,alpha,6.975427313700559e-09,11.0,P4
9.0,S2-B1,5.0,P27,pre,S2,alpha,7.322776699594962e-09,11.0,P4
9.0,S2-B1,5.0,P27,slice,S2,alpha,7.275609815381074e-09,11.0,P4
10.0,S2-B1,0.0,P27,post,S2,alpha,5.167574152324031e-09,11.0,Pz
10.0,S2-B1,0.0,P27,pre,S2,alpha,4.93403668979027e-09,11.0,Pz
10.0,S2-B1,0.0,P27,slice,S2,alpha,5.684001352845208e-09,11.0,Pz
10.0,S2-B1,1.0,P27,post,S2,alpha,4.075644487258916e-09,11.0,P3
10.0,S2-B1,1.0,P27,pre,S2,alpha,3.903153085986e-09,11.0,P3
10.0,S2-B1,1.0,P27,slice,S2,alpha,4.5725238876552776e-09,11.0,P3
10.0,S2-B1,2.0,P27,post,S2,alpha,3.451772107384097e-09,11.0,O1
10.0,S2-B1,2.0,P27,pre,S2,alpha,3.442420238058187e-09,11.0,O1
10.0,S2-B1,2.0,P27,slice,S2,alpha,4.006464213577235e-09,11.0,O1
10.0,S2-B1,3.0,P27,post,S2,alpha,3.963387298027571e-09,11.0,Oz
10.0,S2-B1,3.0,P27,pre,S2,alpha,4.020348176048853e-09,11.0,Oz
10.0,S2-B1,3.0,P27,slice,S2,alpha,4.571998981414464e-09,11.0,Oz
10.0,S2-B1,4.0,P27,post,S2,alpha,5.01607465382968e-09,11.0,O2
10.0,S2-B1,4.0,P27,pre,S2,alpha,5.099629880387796e-09,11.0,O2
10.0,S2-B1,4.0,P27,slice,S2,alpha,5.683398091097794e-09,11.0,O2
10.0,S2-B1,5.0,P27,post,S2,alpha,6.5655539317361176e-09,11.0,P4
10.0,S2-B1,5.0,P27,pre,S2,alpha,6.620769966562601e-09,11.0,P4
10.0,S2-B1,5.0,P27,slice,S2,alpha,7.301355569637527e-09,11.0,P4
11.0,S2-B1,0.0,P27,post,S2,alpha,5.536075895840602e-09,11.0,Pz
11.0,S2-B1,0.0,P27,pre,S2,alpha,5.276573461776181e-09,11.0,Pz
11.0,S2-B1,0.0,P27,slice,S2,alpha,5.705184273315109e-09,11.0,Pz
11.0,S2-B1,1.0,P27,post,S2,alpha,4.34357253730656e-09,11.0,P3
11.0,S2-B1,1.0,P27,pre,S2,alpha,4.224971327749945e-09,11.0,P3
11.0,S2-B1,1.0,P27,slice,S2,alpha,4.5883047491537825e-09,11.0,P3
11.0,S2-B1,2.0,P27,post,S2,alpha,3.856548145761882e-09,11.0,O1
11.0,S2-B1,2.0,P27,pre,S2,alpha,3.853050306698214e-09,11.0,O1
11.0,S2-B1,2.0,P27,slice,S2,alpha,4.020002848429769e-09,11.0,O1
11.0,S2-B1,3.0,P27,post,S2,alpha,4.574049341350772e-09,11.0,Oz
11.0,S2-B1,3.0,P27,pre,S2,alpha,4.499257792145173e-09,11.0,Oz
11.0,S2-B1,3.0,P27,slice,S2,alpha,4.588638865192261e-09,11.0,Oz
11.0,S2-B1,4.0,P27,post,S2,alpha,5.843732680102507e-09,11.0,O2
11.0,S2-B1,4.0,P27,pre,S2,alpha,5.625328315850015e-09,11.0,O2
11.0,S2-B1,4.0,P27,slice,S2,alpha,5.704697041935482e-09,11.0,O2
11.0,S2-B1,5.0,P27,post,S2,alpha,7.55334375557891e-09,11.0,P4
11.0,S2-B1,5.0,P27,pre,S2,alpha,7.17414939503332e-09,11.0,P4
11.0,S2-B1,5.0,P27,slice,S2,alpha,7.328354586221735e-09,11.0,P4
12.0,S2-B1,0.0,P27,post,S2,alpha,5.5273512813705e-09,11.0,Pz
12.0,S2-B1,0.0,P27,pre,S2,alpha,5.478347698007253e-09,11.0,Pz
12.0,S2-B1,0.0,P27,slice,S2,alpha,5.669853839822557e-09,11.0,Pz
12.0,S2-B1,1.0,P27,post,S2,alpha,4.453347645946904e-09,11.0,P3
12.0,S2-B1,1.0,P27,pre,S2,alpha,4.4734902016663716e-09,11.0,P3
12.0,S2-B1,1.0,P27,slice,S2,alpha,4.558865105823511e-09,11.0,P3
12.0,S2-B1,2.0,P27,post,S2,alpha,4.009726495906312e-09,11.0,O1
12.0,S2-B1,2.0,P27,pre,S2,alpha,4.273522393389985e-09,11.0,O1
12.0,S2-B1,2.0,P27,slice,S2,alpha,3.9949252158336064e-09,11.0,O1
12.0,S2-B1,3.0,P27,post,S2,alpha,4.644068533683677e-09,11.0,Oz
12.0,S2-B1,3.0,P27,pre,S2,alpha,4.983032613433687e-09,11.0,Oz
12.0,S2-B1,3.0,P27,slice,S2,alpha,4.560646608175693e-09,11.0,Oz
12.0,S2-B1,4.0,P27,post,S2,alpha,5.7766850023128755e-09,11.0,O2
12.0,S2-B1,4.0,P27,pre,S2,alpha,6.135399869009625e-09,11.0,O2
12.0,S2-B1,4.0,P27,slice,S2,alpha,5.6704845515067974e-09,11.0,O2
12.0,S2-B1,5.0,P27,post,S2,alpha,7.328881106935962e-09,11.0,P4
12.0,S2-B1,5.0,P27,pre,S2,alpha,7.659219007857299e-09,11.0,P4
12.0,S2-B1,5.0,P27,slice,S2,alpha,7.284035324622347e-09,11.0,P4
13.0,S2-B1,0.0,P27,post,S2,alpha,5.016359521882661e-09,11.0,Pz
13.0,S2-B1,0.0,P27,pre,S2,alpha,5.136244067296149e-09,11.0,Pz
13.0,S2-B1,0.0,P27,slice,S2,alpha,5.672688057074904e-09,11.0,Pz
13.0,S2-B1,1.0,P27,post,S2,alpha,3.959163138180495e-09,11.0,P3
13.0,S2-B1,1.0,P27,pre,S2,alpha,4.17530773109763e-09,11.0,P3
13.0,S2-B1,1.0,P27,slice,S2,alpha,4.563079344471687e-09,11.0,P3
13.0,S2-B1,2.0,P27,post,S2,alpha,3.439167343821654e-09,11.0,O1
13.0,S2-B1,2.0,P27,pre,S2,alpha,3.750521646075889e-09,11.0,O1
13.0,S2-B1,2.0,P27,slice,S2,alpha,3.996803295008066e-09,11.0,O1
13.0,S2-B1,3.0,P27,post,S2,alpha,3.980595108076001e-09,11.0,Oz
13.0,S2-B1,3.0,P27,pre,S2,alpha,4.2583958146359795e-09,11.0,Oz
13.0,S2-B1,3.0,P27,slice,S2,alpha,4.561051083661859e-09,11.0,Oz
13.0,S2-B1,4.0,P27,post,S2,alpha,5.034582978848061e-09,11.0,O2
13.0,S2-B1,4.0,P27,pre,S2,alpha,5.22512389301944e-09,11.0,O2
13.0,S2-B1,4.0,P27,slice,S2,alpha,5.670873495465182e-09,11.0,O2
13.0,S2-B1,5.0,P27,post,S2,alpha,6.565500251853526e-09,11.0,P4
13.0,S2-B1,5.0,P27,pre,S2,alpha,6.636917267735489e-09,11.0,P4
13.0,S2-B1,5.0,P27,slice,S2,alpha,7.285529373330825e-09,11.0,P4
14.0,S2-B1,0.0,P27,post,S2,alpha,5.138026466775298e-09,11.0,Pz
14.0,S2-B1,0.0,P27,pre,S2,alpha,5.0992154089006874e-09,11.0,Pz
14.0,S2-B1,0.0,P27,slice,S2,alpha,5.6796928805872456e-09,11.0,Pz
14.0,S2-B1,1.0,P27,post,S2,alpha,4.228046215841198e-09,11.0,P3
14.0,S2-B1,1.0,P27,pre,S2,alpha,4.135381736227567e-09,11.0,P3
14.0,S2-B1,1.0,P27,slice,S2,alpha,4.568528252935528e-09,11.0,P3
14.0,S2-B1,2.0,P27,post,S2,alpha,4.118480241462463e-09,11.0,O1
14.0,S2-B1,2.0,P27,pre,S2,alpha,3.747339439197348e-09,11.0,O1
14.0,S2-B1,2.0,P27,slice,S2,alpha,4.003061265901215e-09,11.0,O1
14.0,S2-B1,3.0,P27,post,S2,alpha,4.813101553397285e-09,11.0,Oz
14.0,S2-B1,3.0,P27,pre,S2,alpha,4.302979499371928e-09,11.0,Oz
14.0,S2-B1,3.0,P27,slice,S2,alpha,4.56899725725656e-09,11.0,Oz
14.0,S2-B1,4.0,P27,post,S2,alpha,5.925612668545901e-09,11.0,O2
14.0,S2-B1,4.0,P27,pre,S2,alpha,5.328927776132806e-09,11.0,O2
14.0,S2-B1,4.0,P27,slice,S2,alpha,5.679973410846023e-09,11.0,O2
14.0,S2-B1,5.0,P27,post,S2,alpha,7.404477703054587e-09,11.0,P4
14.0,S2-B1,5.0,P27,pre,S2,alpha,6.803763516853015e-09,11.0,P4
14.0,S2-B1,5.0,P27,slice,S2,alpha,7.295512430292035e-09,11.0,P4
15.0,S2-B1,0.0,P27,post,S2,alpha,5.706131712426527e-09,11.0,Pz
15.0,S2-B1,0.0,P27,pre,S2,alpha,5.916462557138111e-09,11.0,Pz
15.0,S2-B1,0.0,P27,slice,S2,alpha,5.653100903577888e-09,11.0,Pz
15.0,S2-B1,1.0,P27,post,S2,alpha,4.820042054120482e-09,11.0,P3
15.0,S2-B1,1.0,P27,pre,S2,alpha,5.040831925925725e-09,11.0,P3
15.0,S2-B1,1.0,P27,slice,S2,alpha,4.547711564358435e-09,11.0,P3
15.0,S2-B1,2.0,P27,post,S2,alpha,4.473470461752098e-09,11.0,O1
15.0,S2-B1,2.0,P27,pre,S2,alpha,4.650079831802249e-09,11.0,O1
15.0,S2-B1,2.0,P27,slice,S2,alpha,3.98516756685345e-09,11.0,O1
15.0,S2-B1,3.0,P27,post,S2,alpha,4.970478139443097e-09,11.0,Oz
15.0,S2-B1,3.0,P27,pre,S2,alpha,5.113747898556606e-09,11.0,Oz
15.0,S2-B1,3.0,P27,slice,S2,alpha,4.548041376271293e-09,11.0,Oz
15.0,S2-B1,4.0,P27,post,S2,alpha,5.881234808571847e-09,11.0,O2
15.0,S2-B1,4.0,P27,pre,S2,alpha,6.0212603726392436e-09,11.0,O2
15.0,S2-B1,4.0,P27,slice,S2,alpha,5.65450874883476e-09,11.0,O2
15.0,S2-B1,5.0,P27,post,S2,alpha,7.2075465269335915e-09,11.0,P4
15.0,S2-B1,5.0,P27,pre,S2,alpha,7.380900530971163e-09,11.0,P4
15.0,S2-B1,5.0,P27,slice,S2,alpha,7.2636467290840074e-09,11.0,P4
16.0,S2-B1,0.0,P27,post,S2,alpha,5.21135199885082e-09,11.0,Pz
16.0,S2-B1,0.0,P27,pre,S2,alpha,5.7651265033531045e-09,11.0,Pz
16.0,S2-B1,0.0,P27,slice,S2,alpha,5.680962085693886e-09,11.0,Pz
16.0,S2-B1,1.0,P27,post,S2,alpha,4.186587213590056e-09,11.0,P3
16.0,S2-B1,1.0,P27,pre,S2,alpha,4.728083684991686e-09,11.0,P3
16.0,S2-B1,1.0,P27,slice,S2,alpha,4.568846196678813e-09,11.0,P3
16.0,S2-B1,2.0,P27,post,S2,alpha,3.6316431151454854e-09,11.0,O1
16.0,S2-B1,2.0,P27,pre,S2,alpha,3.950223212228229e-09,11.0,O1
16.0,S2-B1,2.0,P27,slice,S2,alpha,4.002545982019601e-09,11.0,O1
16.0,S2-B1,3.0,P27,post,S2,alpha,4.112140020574922e-09,11.0,Oz
16.0,S2-B1,3.0,P27,pre,S2,alpha,4.284570898545217e-09,11.0,Oz
16.0,S2-B1,3.0,P27,slice,S2,alpha,4.569661598548156e-09,11.0,Oz
16.0,S2-B1,4.0,P27,post,S2,alpha,5.098087578502455e-09,11.0,O2
16.0,S2-B1,4.0,P27,pre,S2,alpha,5.163036806864723e-09,11.0,O2
16.0,S2-B1,4.0,P27,slice,S2,alpha,5.682211664114044e-09,11.0,O2
16.0,S2-B1,5.0,P27,post,S2,alpha,6.583255331566659e-09,11.0,P4
16.0,S2-B1,5.0,P27,pre,S2,alpha,6.612628831790444e-09,11.0,P4
16.0,S2-B1,5.0,P27,slice,S2,alpha,7.299598986027833e-09,11.0,P4
17.0,S2-B1,0.0,P27,post,S2,alpha,5.203903852200231e-09,11.0,Pz
17.0,S2-B1,0.0,P27,pre,S2,alpha,5.158336499399699e-09,11.0,Pz
17.0,S2-B1,0.0,P27,slice,S2,alpha,5.6671689891502595e-09,11.0,Pz
17.0,S2-B1,1.0,P27,post,S2,alpha,4.301879719199738e-09,11.0,P3
17.0,S2-B1,1.0,P27,pre,S2,alpha,4.106213316321781e-09,11.0,P3
17.0,S2-B1,1.0,P27,slice,S2,alpha,4.558176435192388e-09,11.0,P3
17.0,S2-B1,2.0,P27,post,S2,alpha,3.8658938963671234e-09,11.0,O1
17.0,S2-B1,2.0,P27,pre,S2,alpha,3.553353439636562e-09,11.0,O1
17.0,S2-B1,2.0,P27,slice,S2,alpha,3.9941434317431845e-09,11.0,O1
17.0,S2-B1,3.0,P27,post,S2,alpha,4.34171521301294e-09,11.0,Oz
17.0,S2-B1,3.0,P27,pre,S2,alpha,4.085717972322174e-09,11.0,Oz
17.0,S2-B1,3.0,P27,slice,S2,alpha,4.5588296568414445e-09,11.0,Oz
17.0,S2-B1,4.0,P27,post,S2,alpha,5.2884361781343664e-09,11.0,O2
17.0,S2-B1,4.0,P27,pre,S2,alpha,5.149573498534286e-09,11.0,O2
17.0,S2-B1,4.0,P27,slice,S2,alpha,5.666618640144921e-09,11.0,O2
17.0,S2-B1,5.0,P27,post,S2,alpha,6.689913867791918e-09,11.0,P4
17.0,S2-B1,5.0,P27,pre,S2,alpha,6.70533088705198e-09,11.0,P4
17.0,S2-B1,5.0,P27,slice,S2,alpha,7.278670329605281e-09,11.0,P4
18.0,S2-B1,0.0,P27,post,S2,alpha,6.192680007104087e-09,11.0,Pz
18.0,S2-B1,0.0,P27,pre,S2,alpha,6.03164610990064e-09,11.0,Pz
18.0,S2-B1,0.0,P27,slice,S2,alpha,5.662256785781308e-09,11.0,Pz
18.0,S2-B1,1.0,P27,post,S2,alpha,5.130966943783221e-09,11.0,P3
18.0,S2-B1,1.0,P27,pre,S2,alpha,4.919390333351396e-09,11.0,P3
18.0,S2-B1,1.0,P27,slice,S2,alpha,4.555775384427331e-09,11.0,P3
18.0,S2-B1,2.0,P27,post,S2,alpha,4.28823900470563e-09,11.0,O1
18.0,S2-B1,2.0,P27,pre,S2,alpha,4.154285443514878e-09,11.0,O1
18.0,S2-B1,2.0,P27,slice,S2,alpha,3.991873104376467e-09,11.0,O1
18.0,S2-B1,3.0,P27,post,S2,alpha,4.629960595918582e-09,11.0,Oz
18.0,S2-B1,3.0,P27,pre,S2,alpha,4.603181758907726e-09,11.0,Oz
18.0,S2-B1,3.0,P27,slice,S2,alpha,4.555685617063177e-09,11.0,Oz
18.0,S2-B1,4.0,P27,post,S2,alpha,5.5392116347665075e-09,11.0,O2
18.0,S2-B1,4.0,P27,pre,S2,alpha,5.620562185503221e-09,11.0,O2
18.0,S2-B1,4.0,P27,slice,S2,alpha,5.663985119609078e-09,11.0,O2
18.0,S2-B1,5.0,P27,post,S2,alpha,7.018929853834948e-09,11.0,P4
18.0,S2-B1,5.0,P27,pre,S2,alpha,7.16957587704079e-09,11.0,P4
18.0,S2-B1,5.0,P27,slice,S2,alpha,7.275207335871383e-09,11.0,P4
19.0,S2-B1,0.0,P27,post,S2,alpha,5.586424020989413e-09,11.0,Pz
19.0,S2-B1,0.0,P27,pre,S2,alpha,6.138522509766501e-09,11.0,Pz
19.0,S2-B1,0.0,P27,slice,S2,alpha,5.6648791061899415e-09,11.0,Pz
19.0,S2-B1,1.0,P27,post,S2,alpha,4.485071462985775e-09,11.0,P3
19.0,S2-B1,1.0,P27,pre,S2,alpha,4.8400116419893904e-09,11.0,P3
19.0,S2-B1,1.0,P27,slice,S2,alpha,4.556809213803774e-09,11.0,P3
19.0,S2-B1,2.0,P27,post,S2,alpha,3.750710861577562e-09,11.0,O1
19.0,S2-B1,2.0,P27,pre,S2,alpha,3.875631874900991e-09,11.0,O1
19.0,S2-B1,2.0,P27,slice,S2,alpha,3.991837795439299e-09,11.0,O1
19.0,S2-B1,3.0,P27,post,S2,alpha,4.1935278204268474e-09,11.0,Oz
19.0,S2-B1,3.0,P27,pre,S2,alpha,4.351175307357814e-09,11.0,Oz
19.0,S2-B1,3.0,P27,slice,S2,alpha,4.5557555281841265e-09,11.0,Oz
19.0,S2-B1,4.0,P27,post,S2,alpha,5.202094177419362e-09,11.0,O2
19.0,S2-B1,4.0,P27,pre,S2,alpha,5.4911032499106115e-09,11.0,O2
19.0,S2-B1,4.0,P27,slice,S2,alpha,5.663635988941059e-09,11.0,O2
19.0,S2-B1,5.0,P27,post,S2,alpha,6.760306820054487e-09,11.0,P4
19.0,S2-B1,5.0,P27,pre,S2,alpha,7.246514074685048e-09,11.0,P4
19.0,S2-B1,5.0,P27,slice,S2,alpha,7.275030837198133e-09,11.0,P4
20.0,S2-B1,0.0,P27,post,S2,alpha,5.259560807034668e-09,11.0,Pz
20.0,S2-B1,0.0,P27,pre,S2,alpha,5.135401109285561e-09,11.0,Pz
20.0,S2-B1,0.0,P27,slice,S2,alpha,5.641235493722815e-09,11.0,Pz
20.0,S2-B1,1.0,P27,post,S2,alpha,4.177978012137569e-09,11.0,P3
20.0,S2-B1,1.0,P27,pre,S2,alpha,4.050805826458791e-09,11.0,P3
20.0,S2-B1,1.0,P27,slice,S2,alpha,4.5373484054837415e-09,11.0,P3
20.0,S2-B1,2.0,P27,post,S2,alpha,3.529154047907024e-09,11.0,O1
20.0,S2-B1,2.0,P27,pre,S2,alpha,3.5305176201886212e-09,11.0,O1
20.0,S2-B1,2.0,P27,slice,S2,alpha,3.9754356107530675e-09,11.0,O1
20.0,S2-B1,3.0,P27,post,S2,alpha,4.01726176364719e-09,11.0,Oz
20.0,S2-B1,3.0,P27,pre,S2,alpha,4.1144077657686505e-09,11.0,Oz
20.0,S2-B1,3.0,P27,slice,S2,alpha,4.537371080581946e-09,11.0,Oz
20.0,S2-B1,4.0,P27,post,S2,alpha,5.049235784353352e-09,11.0,O2
20.0,S2-B1,4.0,P27,pre,S2,alpha,5.233708467244965e-09,11.0,O2
20.0,S2-B1,4.0,P27,slice,S2,alpha,5.640463748576925e-09,11.0,O2
20.0,S2-B1,5.0,P27,post,S2,alpha,6.590341573910672e-09,11.0,P4
20.0,S2-B1,5.0,P27,pre,S2,alpha,6.829960471638272e-09,11.0,P4
20.0,S2-B1,5.0,P27,slice,S2,alpha,7.245962946039524e-09,11.0,P4
21.0,S2-B1,0.0,P27,post,S2,alpha,5.7504705939508e-09,11.0,Pz
21.0,S2-B1,0.0,P27,pre,S2,alpha,5.516837628371933e-09,11.0,Pz
21.0,S2-B1,0.0,P27,slice,S2,alpha,5.665775322045099e-09,11.0,Pz
21.0,S2-B1,1.0,P27,post,S2,alpha,4.514086308769916e-09,11.0,P3
21.0,S2-B1,1.0,P27,pre,S2,alpha,4.392770096556167e-09,11.0,P3
21.0,S2-B1,1.0,P27,slice,S2,alpha,4.5566850971428375e-09,11.0,P3
21.0,S2-B1,2.0,P27,post,S2,alpha,3.81903739091716e-09,11.0,O1
21.0,S2-B1,2.0,P27,pre,S2,alpha,3.917671417080385e-09,11.0,O1
21.0,S2-B1,2.0,P27,slice,S2,alpha,3.992529998793794e-09,11.0,O1
21.0,S2-B1,3.0,P27,post,S2,alpha,4.438128275401851e-09,11.0,Oz
21.0,S2-B1,3.0,P27,pre,S2,alpha,4.563322438837772e-09,11.0,Oz
21.0,S2-B1,3.0,P27,slice,S2,alpha,4.556194508483949e-09,11.0,Oz
21.0,S2-B1,4.0,P27,post,S2,alpha,5.6571421747657044e-09,11.0,O2
21.0,S2-B1,4.0,P27,pre,S2,alpha,5.726171852526969e-09,11.0,O2
21.0,S2-B1,4.0,P27,slice,S2,alpha,5.663861974642159e-09,11.0,O2
21.0,S2-B1,5.0,P27,post,S2,alpha,7.37643632353749e-09,11.0,P4
21.0,S2-B1,5.0,P27,pre,S2,alpha,7.333888589570748e-09,11.0,P4
21.0,S2-B1,5.0,P27,slice,S2,alpha,7.276181115268335e-09,11.0,P4
22.0,S2-B1,0.0,P27,post,S2,alpha,5.5463626493612076e-09,11.0,Pz
22.0,S2-B1,0.0,P27,pre,S2,alpha,5.766837332673485e-09,11.0,Pz
22.0,S2-B1,0.0,P27,slice,S2,alpha,5.726135758518013e-09,11.0,Pz
22.0,S2-B1,1.0,P27,post,S2,alpha,4.423626087117424e-09,11.0,P3
22.0,S2-B1,1.0,P27,pre,S2,alpha,4.596015114123094e-09,11.0,P3
22.0,S2-B1,1.0,P27,slice,S2,alpha,4.6055447002884185e-09,11.0,P3
22.0,S2-B1,2.0,P27,post,S2,alpha,3.843704425300693e-09,11.0,O1
22.0,S2-B1,2.0,P27,pre,S2,alpha,4.212986653305208e-09,11.0,O1
22.0,S2-B1,2.0,P27,slice,S2,alpha,4.0358750147845345e-09,11.0,O1
22.0,S2-B1,3.0,P27,post,S2,alpha,4.434356300071955e-09,11.0,Oz
22.0,S2-B1,3.0,P27,pre,S2,alpha,4.961521673744936e-09,11.0,Oz
22.0,S2-B1,3.0,P27,slice,S2,alpha,4.607006268007092e-09,11.0,Oz
22.0,S2-B1,4.0,P27,post,S2,alpha,5.566855353202981e-09,11.0,O2
22.0,S2-B1,4.0,P27,pre,S2,alpha,6.2357831529775995e-09,11.0,O2
22.0,S2-B1,4.0,P27,slice,S2,alpha,5.728287824427948e-09,11.0,O2
22.0,S2-B1,5.0,P27,post,S2,alpha,7.1628126562846305e-09,11.0,P4
22.0,S2-B1,5.0,P27,pre,S2,alpha,7.940873364696864e-09,11.0,P4
22.0,S2-B1,5.0,P27,slice,S2,alpha,7.358464791615588e-09,11.0,P4
23.0,S2-B1,0.0,P27,post,S2,alpha,5.1298003495650175e-09,11.0,Pz
23.0,S2-B1,0.0,P27,pre,S2,alpha,5.063311337656266e-09,11.0,Pz
23.0,S2-B1,0.0,P27,slice,S2,alpha,5.713418904452593e-09,11.0,Pz
23.0,S2-B1,1.0,P27,post,S2,alpha,4.034375403162043e-09,11.0,P3
23.0,S2-B1,1.0,P27,pre,S2,alpha,4.0776550640915224e-09,11.0,P3
23.0,S2-B1,1.0,P27,slice,S2,alpha,4.595326069145779e-09,11.0,P3
23.0,S2-B1,2.0,P27,post,S2,alpha,3.4753907423281845e-09,11.0,O1
23.0,S2-B1,2.0,P27,pre,S2,alpha,3.6728472787612868e-09,11.0,O1
23.0,S2-B1,2.0,P27,slice,S2,alpha,4.0278845186179746e-09,11.0,O1
23.0,S2-B1,3.0,P27,post,S2,alpha,4.025374953032396e-09,11.0,Oz
23.0,S2-B1,3.0,P27,pre,S2,alpha,4.2343474061468635e-09,11.0,Oz
23.0,S2-B1,3.0,P27,slice,S2,alpha,4.597960369657446e-09,11.0,Oz
23.0,S2-B1,4.0,P27,post,S2,alpha,5.1075029986115464e-09,11.0,O2
23.0,S2-B1,4.0,P27,pre,S2,alpha,5.267896957281415e-09,11.0,O2
23.0,S2-B1,4.0,P27,slice,S2,alpha,5.71525638255051e-09,11.0,O2
23.0,S2-B1,5.0,P27,post,S2,alpha,6.681736102359819e-09,11.0,P4
23.0,S2-B1,5.0,P27,pre,S2,alpha,6.732521348059458e-09,11.0,P4
23.0,S2-B1,5.0,P27,slice,S2,alpha,7.340564352231451e-09,11.0,P4
24.0,S2-B1,0.0,P27,post,S2,alpha,5.254183026324008e-09,11.0,Pz
24.0,S2-B1,0.0,P27,pre,S2,alpha,5.2085038942149366e-09,11.0,Pz
24.0,S2-B1,0.0,P27,slice,S2,alpha,5.684041648592994e-09,11.0,Pz
24.0,S2-B1,1.0,P27,post,S2,alpha,4.241473474951573e-09,11.0,P3
24.0,S2-B1,1.0,P27,pre,S2,alpha,4.222190354435716e-09,11.0,P3
24.0,S2-B1,1.0,P27,slice,S2,alpha,4.571811892639986e-09,11.0,P3
24.0,S2-B1,2.0,P27,post,S2,alpha,4.093859803891778e-09,11.0,O1
24.0,S2-B1,2.0,P27,pre,S2,alpha,3.87755634279134e-09,11.0,O1
24.0,S2-B1,2.0,P27,slice,S2,alpha,4.006600472291597e-09,11.0,O1
24.0,S2-B1,3.0,P27,post,S2,alpha,4.856749663945256e-09,11.0,Oz
24.0,S2-B1,3.0,P27,pre,S2,alpha,4.4791637770666765e-09,11.0,Oz
24.0,S2-B1,3.0,P27,slice,S2,alpha,4.573111942200332e-09,11.0,Oz
24.0,S2-B1,4.0,P27,post,S2,alpha,6.072327403748929e-09,11.0,O2
24.0,S2-B1,4.0,P27,pre,S2,alpha,5.5561191516810066e-09,11.0,O2
24.0,S2-B1,4.0,P27,slice,S2,alpha,5.684726189589858e-09,11.0,O2
24.0,S2-B1,5.0,P27,post,S2,alpha,7.66029095959827e-09,11.0,P4
24.0,S2-B1,5.0,P27,pre,S2,alpha,7.067977175241594e-09,11.0,P4
24.0,S2-B1,5.0,P27,slice,S2,alpha,7.3013563291324316e-09,11.0,P4
25.0,S2-B1,0.0,P27,post,S2,alpha,5.6852847836499306e-09,11.0,Pz
25.0,S2-B1,0.0,P27,pre,S2,alpha,5.7026360777055656e-09,11.0,Pz
25.0,S2-B1,0.0,P27,slice,S2,alpha,5.698810117985531e-09,11.0,Pz
25.0,S2-B1,1.0,P27,post,S2,alpha,4.736416563010882e-09,11.0,P3
25.0,S2-B1,1.0,P27,pre,S2,alpha,4.846933683216956e-09,11.0,P3
25.0,S2-B1,1.0,P27,slice,S2,alpha,4.584518916561656e-09,11.0,P3
25.0,S2-B1,2.0,P27,post,S2,alpha,4.442750399725688e-09,11.0,O1
25.0,S2-B1,2.0,P27,pre,S2,alpha,4.624725071665356e-09,11.0,O1
25.0,S2-B1,2.0,P27,slice,S2,alpha,4.0151991650051346e-09,11.0,O1
25.0,S2-B1,3.0,P27,post,S2,alpha,5.0300044278984115e-09,11.0,Oz
25.0,S2-B1,3.0,P27,pre,S2,alpha,5.176142100225082e-09,11.0,Oz
25.0,S2-B1,3.0,P27,slice,S2,alpha,4.584116180307464e-09,11.0,Oz
25.0,S2-B1,4.0,P27,post,S2,alpha,6.04826856805923e-09,11.0,O2
25.0,S2-B1,4.0,P27,pre,S2,alpha,6.132305300723418e-09,11.0,O2
25.0,S2-B1,4.0,P27,slice,S2,alpha,5.70042779700242e-09,11.0,O2
25.0,S2-B1,5.0,P27,post,S2,alpha,7.46515293541513e-09,11.0,P4
25.0,S2-B1,5.0,P27,pre,S2,alpha,7.488503960856848e-09,11.0,P4
25.0,S2-B1,5.0,P27,slice,S2,alpha,7.321674173778785e-09,11.0,P4
26.0,S2-B1,0.0,P27,post,S2,alpha,5.200419454037105e-09,11.0,Pz
26.0,S2-B1,0.0,P27,pre,S2,alpha,5.464991275109494e-09,11.0,Pz
26.0,S2-B1,0.0,P27,slice,S2,alpha,5.686158164151484e-09,11.0,Pz
26.0,S2-B1,1.0,P27,post,S2,alpha,4.156214787939815e-09,11.0,P3
26.0,S2-B1,1.0,P27,pre,S2,alpha,4.5051380574341755e-09,11.0,P3
26.0,S2-B1,1.0,P27,slice,S2,alpha,4.574796250514475e-09,11.0,P3
26.0,S2-B1,2.0,P27,post,S2,alpha,3.6307894352572793e-09,11.0,O1
26.0,S2-B1,2.0,P27,pre,S2,alpha,3.8846705547549565e-09,11.0,O1
26.0,S2-B1,2.0,P27,slice,S2,alpha,4.00792236190931e-09,11.0,O1
26.0,S2-B1,3.0,P27,post,S2,alpha,4.150525136004004e-09,11.0,Oz
26.0,S2-B1,3.0,P27,pre,S2,alpha,4.2559191976909444e-09,11.0,Oz
26.0,S2-B1,3.0,P27,slice,S2,alpha,4.573822968616421e-09,11.0,Oz
26.0,S2-B1,4.0,P27,post,S2,alpha,5.18157533214341e-09,11.0,O2
26.0,S2-B1,4.0,P27,pre,S2,alpha,5.116523461718443e-09,11.0,O2
26.0,S2-B1,4.0,P27,slice,S2,alpha,5.68517606636024e-09,11.0,O2
26.0,S2-B1,5.0,P27,post,S2,alpha,6.7035336364854e-09,11.0,P4
26.0,S2-B1,5.0,P27,pre,S2,alpha,6.4873908877457594e-09,11.0,P4
26.0,S2-B1,5.0,P27,slice,S2,alpha,7.3016445771522704e-09,11.0,P4
27.0,S2-B1,0.0,P27,post,S2,alpha,5.159967741639158e-09,11.0,Pz
27.0,S2-B1,0.0,P27,pre,S2,alpha,5.308687410085904e-09,11.0,Pz
27.0,S2-B1,0.0,P27,slice,S2,alpha,5.693108386073565e-09,11.0,Pz
27.0,S2-B1,1.0,P27,post,S2,alpha,4.296236881117816e-09,11.0,P3
27.0,S2-B1,1.0,P27,pre,S2,alpha,4.253138468601111e-09,11.0,P3
27.0,S2-B1,1.0,P27,slice,S2,alpha,4.579028161014996e-09,11.0,P3
27.0,S2-B1,2.0,P27,post,S2,alpha,3.997705994734374e-09,11.0,O1
27.0,S2-B1,2.0,P27,pre,S2,alpha,3.719556224125085e-09,11.0,O1
27.0,S2-B1,2.0,P27,slice,S2,alpha,4.0124077483237705e-09,11.0,O1
27.0,S2-B1,3.0,P27,post,S2,alpha,4.529624594628886e-09,11.0,Oz
27.0,S2-B1,3.0,P27,pre,S2,alpha,4.263558739020734e-09,11.0,Oz
27.0,S2-B1,3.0,P27,slice,S2,alpha,4.579332692320131e-09,11.0,Oz
27.0,S2-B1,4.0,P27,post,S2,alpha,5.496590062735381e-09,11.0,O2
27.0,S2-B1,4.0,P27,pre,S2,alpha,5.334117194050896e-09,11.0,O2
27.0,S2-B1,4.0,P27,slice,S2,alpha,5.6934050756257065e-09,11.0,O2
27.0,S2-B1,5.0,P27,post,S2,alpha,6.883585890690027e-09,11.0,P4
27.0,S2-B1,5.0,P27,pre,S2,alpha,6.905581806115534e-09,11.0,P4
27.0,S2-B1,5.0,P27,slice,S2,alpha,7.314300595834632e-09,11.0,P4
28.0,S2-B1,0.0,P27,post,S2,alpha,6.185188007067722e-09,11.0,Pz
28.0,S2-B1,0.0,P27,pre,S2,alpha,6.013999330971331e-09,11.0,Pz
28.0,S2-B1,0.0,P27,slice,S2,alpha,5.717535535888574e-09,11.0,Pz
28.0,S2-B1,1.0,P27,post,S2,alpha,5.2197535777777645e-09,11.0,P3
28.0,S2-B1,1.0,P27,pre,S2,alpha,5.0015452778787954e-09,11.0,P3
28.0,S2-B1,1.0,P27,slice,S2,alpha,4.598346739638497e-09,11.0,P3
28.0,S2-B1,2.0,P27,post,S2,alpha,4.5282956298792585e-09,11.0,O1
28.0,S2-B1,2.0,P27,pre,S2,alpha,4.296163945480818e-09,11.0,O1
28.0,S2-B1,2.0,P27,slice,S2,alpha,4.029339332371667e-09,11.0,O1
28.0,S2-B1,3.0,P27,post,S2,alpha,4.86852755487059e-09,11.0,Oz
28.0,S2-B1,3.0,P27,pre,S2,alpha,4.6917439602971895e-09,11.0,Oz
28.0,S2-B1,3.0,P27,slice,S2,alpha,4.599379989539087e-09,11.0,Oz
28.0,S2-B1,4.0,P27,post,S2,alpha,5.71543783809681e-09,11.0,O2
28.0,S2-B1,4.0,P27,pre,S2,alpha,5.620812390576375e-09,11.0,O2
28.0,S2-B1,4.0,P27,slice,S2,alpha,5.7188725828764544e-09,11.0,O2
28.0,S2-B1,5.0,P27,post,S2,alpha,7.101373945451802e-09,11.0,P4
28.0,S2-B1,5.0,P27,pre,S2,alpha,7.073940070623519e-09,11.0,P4
28.0,S2-B1,5.0,P27,slice,S2,alpha,7.346831226846508e-09,11.0,P4
29.0,S2-B1,0.0,P27,post,S2,alpha,5.691075309770274e-09,11.0,Pz
29.0,S2-B1,0.0,P27,pre,S2,alpha,6.096309684141317e-09,11.0,Pz
29.0,S2-B1,0.0,P27,slice,S2,alpha,5.615188816715131e-09,11.0,Pz
29.0,S2-B1,1.0,P27,post,S2,alpha,4.587602557067752e-09,11.0,P3
29.0,S2-B1,1.0,P27,pre,S2,alpha,4.87554421313764e-09,11.0,P3
29.0,S2-B1,1.0,P27,slice,S2,alpha,4.5161633839855895e-09,11.0,P3
29.0,S2-B1,2.0,P27,post,S2,alpha,3.86665142721337e-09,11.0,O1
29.0,S2-B1,2.0,P27,pre,S2,alpha,3.862015443817671e-09,11.0,O1
29.0,S2-B1,2.0,P27,slice,S2,alpha,3.955895944303005e-09,11.0,O1
29.0,S2-B1,3.0,P27,post,S2,alpha,4.307584328651009e-09,11.0,Oz
29.0,S2-B1,3.0,P27,pre,S2,alpha,4.231434321738068e-09,11.0,Oz
29.0,S2-B1,3.0,P27,slice,S2,alpha,4.5152244470763275e-09,11.0,Oz
29.0,S2-B1,4.0,P27,post,S2,alpha,5.3194411324471525e-09,11.0,O2
29.0,S2-B1,4.0,P27,pre,S2,alpha,5.253324455047515e-09,11.0,O2
29.0,S2-B1,4.0,P27,slice,S2,alpha,5.614141459146746e-09,11.0,O2
29.0,S2-B1,5.0,P27,post,S2,alpha,6.897061082243258e-09,11.0,P4
29.0,S2-B1,5.0,P27,pre,S2,alpha,6.9080052229848525e-09,11.0,P4
29.0,S2-B1,5.0,P27,slice,S2,alpha,7.21238673454492e-09,11.0,P4
30.0,S2-B1,0.0,P27,post,S2,alpha,5.253188954637353e-09,11.0,Pz
30.0,S2-B1,0.0,P27,pre,S2,alpha,5.021933308302006e-09,11.0,Pz
30.0,S2-B1,0.0,P27,slice,S2,alpha,5.646343956041291e-09,11.0,Pz
30.0,S2-B1,1.0,P27,post,S2,alpha,4.223792458544407e-09,11.0,P3
30.0,S2-B1,1.0,P27,pre,S2,alpha,3.9537962660351325e-09,11.0,P3
30.0,S2-B1,1.0,P27,slice,S2,alpha,4.542194517804764e-09,11.0,P3
30.0,S2-B1,2.0,P27,post,S2,alpha,3.5958934340423815e-09,11.0,O1
30.0,S2-B1,2.0,P27,pre,S2,alpha,3.414756382201073e-09,11.0,O1
30.0,S2-B1,2.0,P27,slice,S2,alpha,3.979914309154098e-09,11.0,O1
30.0,S2-B1,3.0,P27,post,S2,alpha,4.0576738966538246e-09,11.0,Oz
30.0,S2-B1,3.0,P27,pre,S2,alpha,3.973369906746656e-09,11.0,Oz
30.0,S2-B1,3.0,P27,slice,S2,alpha,4.541700194999561e-09,11.0,Oz
30.0,S2-B1,4.0,P27,post,S2,alpha,5.042177690459486e-09,11.0,O2
30.0,S2-B1,4.0,P27,pre,S2,alpha,5.059648628500888e-09,11.0,O2
30.0,S2-B1,4.0,P27,slice,S2,alpha,5.646326746762903e-09,11.0,O2
30.0,S2-B1,5.0,P27,post,S2,alpha,6.527495598376526e-09,11.0,P4
30.0,S2-B1,5.0,P27,pre,S2,alpha,6.625972514157994e-09,11.0,P4
30.0,S2-B1,5.0,P27,slice,S2,alpha,7.254112276111003e-09,11.0,P4
31.0,S2-B1,0.0,P27,post,S2,alpha,6.212348965322748e-09,11.0,Pz
31.0,S2-B1,0.0,P27,pre,S2,alpha,5.705662864590513e-09,11.0,Pz
31.0,S2-B1,0.0,P27,slice,S2,alpha,5.657404370455373e-09,11.0,Pz
31.0,S2-B1,1.0,P27,post,S2,alpha,4.940552102747088e-09,11.0,P3
31.0,S2-B1,1.0,P27,pre,S2,alpha,4.540655305611657e-09,11.0,P3
31.0,S2-B1,1.0,P27,slice,S2,alpha,4.5514480789633795e-09,11.0,P3
31.0,S2-B1,2.0,P27,post,S2,alpha,4.0595745723123075e-09,11.0,O1
31.0,S2-B1,2.0,P27,pre,S2,alpha,3.932936737275641e-09,11.0,O1
31.0,S2-B1,2.0,P27,slice,S2,alpha,3.988894329460796e-09,11.0,O1
31.0,S2-B1,3.0,P27,post,S2,alpha,4.587378985250955e-09,11.0,Oz
31.0,S2-B1,3.0,P27,pre,S2,alpha,4.528724327332531e-09,11.0,Oz
31.0,S2-B1,3.0,P27,slice,S2,alpha,4.552554237276198e-09,11.0,Oz
31.0,S2-B1,4.0,P27,post,S2,alpha,5.754291448220911e-09,11.0,O2
31.0,S2-B1,4.0,P27,pre,S2,alpha,5.67593184846973e-09,11.0,O2
31.0,S2-B1,4.0,P27,slice,S2,alpha,5.659488075572738e-09,11.0,O2
31.0,S2-B1,5.0,P27,post,S2,alpha,7.495533512620093e-09,11.0,P4
31.0,S2-B1,5.0,P27,pre,S2,alpha,7.301499498684404e-09,11.0,P4
31.0,S2-B1,5.0,P27,slice,S2,alpha,7.2690421808290436e-09,11.0,P4
32.0,S2-B1,0.0,P27,post,S2,alpha,5.8046566381552015e-09,11.0,Pz
32.0,S2-B1,0.0,P27,pre,S2,alpha,5.711180993137939e-09,11.0,Pz
32.0,S2-B1,0.0,P27,slice,S2,alpha,5.623014283784961e-09,11.0,Pz
32.0,S2-B1,1.0,P27,post,S2,alpha,4.622884806200457e-09,11.0,P3
32.0,S2-B1,1.0,P27,pre,S2,alpha,4.482366668391619e-09,11.0,P3
32.0,S2-B1,1.0,P27,slice,S2,alpha,4.5235756923720134e-09,11.0,P3
32.0,S2-B1,2.0,P27,post,S2,alpha,3.918640873374425e-09,11.0,O1
32.0,S2-B1,2.0,P27,pre,S2,alpha,3.895983061083056e-09,11.0,O1
32.0,S2-B1,2.0,P27,slice,S2,alpha,3.964081938271782e-09,11.0,O1
32.0,S2-B1,3.0,P27,post,S2,alpha,4.468891016618062e-09,11.0,Oz
32.0,S2-B1,3.0,P27,pre,S2,alpha,4.571122380734375e-09,11.0,Oz
32.0,S2-B1,3.0,P27,slice,S2,alpha,4.524714892534669e-09,11.0,Oz
32.0,S2-B1,4.0,P27,post,S2,alpha,5.609936797017775e-09,11.0,O2
32.0,S2-B1,4.0,P27,pre,S2,alpha,5.82756005719527e-09,11.0,O2
32.0,S2-B1,4.0,P27,slice,S2,alpha,5.624547771314089e-09,11.0,O2
32.0,S2-B1,5.0,P27,post,S2,alpha,7.281251425801377e-09,11.0,P4
32.0,S2-B1,5.0,P27,pre,S2,alpha,7.554920272335217e-09,11.0,P4
32.0,S2-B1,5.0,P27,slice,S2,alpha,7.223833203565217e-09,11.0,P4
33.0,S2-B1,0.0,P27,post,S2,alpha,5.248475751835744e-09,11.0,Pz
33.0,S2-B1,0.0,P27,pre,S2,alpha,4.9725213495534454e-09,11.0,Pz
33.0,S2-B1,0.0,P27,slice,S2,alpha,5.678279213492563e-09,11.0,Pz
33.0,S2-B1,1.0,P27,post,S2,alpha,4.129267152223287e-09,11.0,P3
33.0,S2-B1,1.0,P27,pre,S2,alpha,3.962839825183008e-09,11.0,P3
33.0,S2-B1,1.0,P27,slice,S2,alpha,4.567445350909592e-09,11.0,P3
33.0,S2-B1,2.0,P27,post,S2,alpha,3.525190035488485e-09,11.0,O1
33.0,S2-B1,2.0,P27,pre,S2,alpha,3.538439989265485e-09,11.0,O1
33.0,S2-B1,2.0,P27,slice,S2,alpha,4.0017357301624025e-09,11.0,O1
33.0,S2-B1,3.0,P27,post,S2,alpha,4.071900948462895e-09,11.0,Oz
33.0,S2-B1,3.0,P27,pre,S2,alpha,4.117683939872646e-09,11.0,Oz
33.0,S2-B1,3.0,P27,slice,S2,alpha,4.566962559295109e-09,11.0,Oz
33.0,S2-B1,4.0,P27,post,S2,alpha,5.167657367452711e-09,11.0,O2
33.0,S2-B1,4.0,P27,pre,S2,alpha,5.184230465330928e-09,11.0,O2
33.0,S2-B1,4.0,P27,slice,S2,alpha,5.678241552416473e-09,11.0,O2
33.0,S2-B1,5.0,P27,post,S2,alpha,6.764548755173993e-09,11.0,P4
33.0,S2-B1,5.0,P27,pre,S2,alpha,6.682242244057373e-09,11.0,P4
33.0,S2-B1,5.0,P27,slice,S2,alpha,7.295280171535784e-09,11.0,P4
34.0,S2-B1,0.0,P27,post,S2,alpha,5.456877420790461e-09,11.0,Pz
34.0,S2-B1,0.0,P27,pre,S2,alpha,5.213271525505112e-09,11.0,Pz
34.0,S2-B1,0.0,P27,slice,S2,alpha,5.667603790185416e-09,11.0,Pz
34.0,S2-B1,1.0,P27,post,S2,alpha,4.324105552203727e-09,11.0,P3
34.0,S2-B1,1.0,P27,pre,S2,alpha,4.203487361206214e-09,11.0,P3
34.0,S2-B1,1.0,P27,slice,S2,alpha,4.559141970882176e-09,11.0,P3
34.0,S2-B1,2.0,P27,post,S2,alpha,4.038403143210441e-09,11.0,O1
34.0,S2-B1,2.0,P27,pre,S2,alpha,3.8825826544949855e-09,11.0,O1
34.0,S2-B1,2.0,P27,slice,S2,alpha,3.99583129636074e-09,11.0,O1
34.0,S2-B1,3.0,P27,post,S2,alpha,4.823509672125679e-09,11.0,Oz
34.0,S2-B1,3.0,P27,pre,S2,alpha,4.5154467924348174e-09,11.0,Oz
34.0,S2-B1,3.0,P27,slice,S2,alpha,4.56001706614429e-09,11.0,Oz
34.0,S2-B1,4.0,P27,post,S2,alpha,6.1099540168214846e-09,11.0,O2
34.0,S2-B1,4.0,P27,pre,S2,alpha,5.616226218457668e-09,11.0,O2
34.0,S2-B1,4.0,P27,slice,S2,alpha,5.667991118774391e-09,11.0,O2
34.0,S2-B1,5.0,P27,post,S2,alpha,7.797071074962444e-09,11.0,P4
34.0,S2-B1,5.0,P27,pre,S2,alpha,7.141936316294808e-09,11.0,P4
34.0,S2-B1,5.0,P27,slice,S2,alpha,7.28039700744315e-09,11.0,P4
35.0,S2-B1,0.0,P27,post,S2,alpha,5.554564389981806e-09,11.0,Pz
35.0,S2-B1,0.0,P27,pre,S2,alpha,5.5072984902223845e-09,11.0,Pz
35.0,S2-B1,0.0,P27,slice,S2,alpha,5.6304585720829384e-09,11.0,Pz
35.0,S2-B1,1.0,P27,post,S2,alpha,4.549545256051939e-09,11.0,P3
35.0,S2-B1,1.0,P27,pre,S2,alpha,4.6115737836463944e-09,11.0,P3
35.0,S2-B1,1.0,P27,slice,S2,alpha,4.5288556427199486e-09,11.0,P3
35.0,S2-B1,2.0,P27,post,S2,alpha,4.216755487738081e-09,11.0,O1
35.0,S2-B1,2.0,P27,pre,S2,alpha,4.466972128772497e-09,11.0,O1
35.0,S2-B1,2.0,P27,slice,S2,alpha,3.967074079857578e-09,11.0,O1
35.0,S2-B1,3.0,P27,post,S2,alpha,4.847066839765669e-09,11.0,Oz
35.0,S2-B1,3.0,P27,pre,S2,alpha,5.1082955666753565e-09,11.0,Oz
35.0,S2-B1,3.0,P27,slice,S2,alpha,4.528967000903374e-09,11.0,Oz
35.0,S2-B1,4.0,P27,post,S2,alpha,5.934111570442848e-09,11.0,O2
35.0,S2-B1,4.0,P27,pre,S2,alpha,6.154440406772014e-09,11.0,O2
35.0,S2-B1,4.0,P27,slice,S2,alpha,5.631726206178926e-09,11.0,O2
35.0,S2-B1,5.0,P27,post,S2,alpha,7.414477538403474e-09,11.0,P4
35.0,S2-B1,5.0,P27,pre,S2,alpha,7.564754301443215e-09,11.0,P4
35.0,S2-B1,5.0,P27,slice,S2,alpha,7.2353948265583236e-09,11.0,P4
36.0,S2-B1,0.0,P27,post,S2,alpha,5.105834409243941e-09,11.0,Pz
36.0,S2-B1,0.0,P27,pre,S2,alpha,5.18473692041153e-09,11.0,Pz
36.0,S2-B1,0.0,P27,slice,S2,alpha,5.682012981444459e-09,11.0,Pz
36.0,S2-B1,1.0,P27,post,S2,alpha,4.05371164655292e-09,11.0,P3
36.0,S2-B1,1.0,P27,pre,S2,alpha,4.257250012373068e-09,11.0,P3
36.0,S2-B1,1.0,P27,slice,S2,alpha,4.570596750579893e-09,11.0,P3
36.0,S2-B1,2.0,P27,post,S2,alpha,3.540155287576978e-09,11.0,O1
36.0,S2-B1,2.0,P27,pre,S2,alpha,3.7687460525730675e-09,11.0,O1
36.0,S2-B1,2.0,P27,slice,S2,alpha,4.004614254088568e-09,11.0,O1
36.0,S2-B1,3.0,P27,post,S2,alpha,4.076734114269733e-09,11.0,Oz
36.0,S2-B1,3.0,P27,pre,S2,alpha,4.203400874369969e-09,11.0,Oz
36.0,S2-B1,3.0,P27,slice,S2,alpha,4.570746821596481e-09,11.0,Oz
36.0,S2-B1,4.0,P27,post,S2,alpha,5.124961819405314e-09,11.0,O2
36.0,S2-B1,4.0,P27,pre,S2,alpha,5.093014085499285e-09,11.0,O2
36.0,S2-B1,4.0,P27,slice,S2,alpha,5.68208860633474e-09,11.0,O2
36.0,S2-B1,5.0,P27,post,S2,alpha,6.654735119916683e-09,11.0,P4
36.0,S2-B1,5.0,P27,pre,S2,alpha,6.442863590120772e-09,11.0,P4
36.0,S2-B1,5.0,P27,slice,S2,alpha,7.298973575322227e-09,11.0,P4
37.0,S2-B1,0.0,P27,post,S2,alpha,5.237605948353951e-09,11.0,Pz
37.0,S2-B1,0.0,P27,pre,S2,alpha,5.090187554015425e-09,11.0,Pz
37.0,S2-B1,0.0,P27,slice,S2,alpha,5.666107878111754e-09,11.0,Pz
37.0,S2-B1,1.0,P27,post,S2,alpha,4.357410388873537e-09,11.0,P3
37.0,S2-B1,1.0,P27,pre,S2,alpha,4.105844634589372e-09,11.0,P3
37.0,S2-B1,1.0,P27,slice,S2,alpha,4.5580894249614535e-09,11.0,P3
37.0,S2-B1,2.0,P27,post,S2,alpha,4.179298385155176e-09,11.0,O1
37.0,S2-B1,2.0,P27,pre,S2,alpha,3.650725271019094e-09,11.0,O1
37.0,S2-B1,2.0,P27,slice,S2,alpha,3.994098436421052e-09,11.0,O1
37.0,S2-B1,3.0,P27,post,S2,alpha,4.802356752011424e-09,11.0,Oz
37.0,S2-B1,3.0,P27,pre,S2,alpha,4.1826584150430235e-09,11.0,Oz
37.0,S2-B1,3.0,P27,slice,S2,alpha,4.557646535629913e-09,11.0,Oz
37.0,S2-B1,4.0,P27,post,S2,alpha,5.8495825040850045e-09,11.0,O2
37.0,S2-B1,4.0,P27,pre,S2,alpha,5.203900727788119e-09,11.0,O2
37.0,S2-B1,4.0,P27,slice,S2,alpha,5.665734930416297e-09,11.0,O2
37.0,S2-B1,5.0,P27,post,S2,alpha,7.291065507161113e-09,11.0,P4
37.0,S2-B1,5.0,P27,pre,S2,alpha,6.694474799759827e-09,11.0,P4
37.0,S2-B1,5.0,P27,slice,S2,alpha,7.278906093025075e-09,11.0,P4
38.0,S2-B1,0.0,P27,post,S2,alpha,5.914428744883049e-09,11.0,Pz
38.0,S2-B1,0.0,P27,pre,S2,alpha,5.9281743472069464e-09,11.0,Pz
38.0,S2-B1,0.0,P27,slice,S2,alpha,5.693443309111344e-09,11.0,Pz
38.0,S2-B1,1.0,P27,post,S2,alpha,5.015711033095062e-09,11.0,P3
38.0,S2-B1,1.0,P27,pre,S2,alpha,5.015245657062479e-09,11.0,P3
38.0,S2-B1,1.0,P27,slice,S2,alpha,4.580472738312364e-09,11.0,P3
38.0,S2-B1,2.0,P27,post,S2,alpha,4.522416611466426e-09,11.0,O1
38.0,S2-B1,2.0,P27,pre,S2,alpha,4.4547060141028436e-09,11.0,O1
38.0,S2-B1,2.0,P27,slice,S2,alpha,4.0133610819604e-09,11.0,O1
38.0,S2-B1,3.0,P27,post,S2,alpha,4.930054079037614e-09,11.0,Oz
38.0,S2-B1,3.0,P27,pre,S2,alpha,4.845925075614536e-09,11.0,Oz
38.0,S2-B1,3.0,P27,slice,S2,alpha,4.579106410002293e-09,11.0,Oz
38.0,S2-B1,4.0,P27,post,S2,alpha,5.785676229007143e-09,11.0,O2
38.0,S2-B1,4.0,P27,pre,S2,alpha,5.7199668350441025e-09,11.0,O2
38.0,S2-B1,4.0,P27,slice,S2,alpha,5.691793562406514e-09,11.0,O2
38.0,S2-B1,5.0,P27,post,S2,alpha,7.113177963962672e-09,11.0,P4
38.0,S2-B1,5.0,P27,pre,S2,alpha,7.0869624936583525e-09,11.0,P4
38.0,S2-B1,5.0,P27,slice,S2,alpha,7.310159769481701e-09,11.0,P4
39.0,S2-B1,0.0,P27,post,S2,alpha,5.3323038577516934e-09,11.0,Pz
39.0,S2-B1,0.0,P27,pre,S2,alpha,5.83929706611306e-09,11.0,Pz
39.0,S2-B1,0.0,P27,slice,S2,alpha,5.747209278937115e-09,11.0,Pz
39.0,S2-B1,1.0,P27,post,S2,alpha,4.294556032400106e-09,11.0,P3
39.0,S2-B1,1.0,P27,pre,S2,alpha,4.737641424311325e-09,11.0,P3
39.0,S2-B1,1.0,P27,slice,S2,alpha,4.623645953926427e-09,11.0,P3
39.0,S2-B1,2.0,P27,post,S2,alpha,3.685413344260041e-09,11.0,O1
39.0,S2-B1,2.0,P27,pre,S2,alpha,3.837627177734403e-09,11.0,O1
39.0,S2-B1,2.0,P27,slice,S2,alpha,4.051434077998986e-09,11.0,O1
39.0,S2-B1,3.0,P27,post,S2,alpha,4.14008615611532e-09,11.0,Oz
39.0,S2-B1,3.0,P27,pre,S2,alpha,4.154764911644877e-09,11.0,Oz
39.0,S2-B1,3.0,P27,slice,S2,alpha,4.6236426235341495e-09,11.0,Oz
39.0,S2-B1,4.0,P27,post,S2,alpha,5.11404109923081e-09,11.0,O2
39.0,S2-B1,4.0,P27,pre,S2,alpha,5.05892433601256e-09,11.0,O2
39.0,S2-B1,4.0,P27,slice,S2,alpha,5.746738800008662e-09,11.0,O2
39.0,S2-B1,5.0,P27,post,S2,alpha,6.606492228290529e-09,11.0,P4
39.0,S2-B1,5.0,P27,pre,S2,alpha,6.565429742112419e-09,11.0,P4
39.0,S2-B1,5.0,P27,slice,S2,alpha,7.380250159180545e-09,11.0,P4
40.0,S2-B1,0.0,P27,post,S2,alpha,5.3828811597572756e-09,11.0,Pz
40.0,S2-B1,0.0,P27,pre,S2,alpha,5.279105525475531e-09,11.0,Pz
40.0,S2-B1,0.0,P27,slice,S2,alpha,5.632468662916888e-09,11.0,Pz
40.0,S2-B1,1.0,P27,post,S2,alpha,4.388569648313041e-09,11.0,P3
40.0,S2-B1,1.0,P27,pre,S2,alpha,4.177510385826786e-09,11.0,P3
40.0,S2-B1,1.0,P27,slice,S2,alpha,4.529874730851083e-09,11.0,P3
40.0,S2-B1,2.0,P27,post,S2,alpha,3.822729824995566e-09,11.0,O1
40.0,S2-B1,2.0,P27,pre,S2,alpha,3.600440600931194e-09,11.0,O1
40.0,S2-B1,2.0,P27,slice,S2,alpha,3.968826679045385e-09,11.0,O1
40.0,S2-B1,3.0,P27,post,S2,alpha,4.2933682316473494e-09,11.0,Oz
40.0,S2-B1,3.0,P27,pre,S2,alpha,4.15896023333374e-09,11.0,Oz
40.0,S2-B1,3.0,P27,slice,S2,alpha,4.530089632542258e-09,11.0,Oz
40.0,S2-B1,4.0,P27,post,S2,alpha,5.273958575323636e-09,11.0,O2
40.0,S2-B1,4.0,P27,pre,S2,alpha,5.265781375206555e-09,11.0,O2
40.0,S2-B1,4.0,P27,slice,S2,alpha,5.633080668213797e-09,11.0,O2
40.0,S2-B1,5.0,P27,post,S2,alpha,6.7504818221615514e-09,11.0,P4
40.0,S2-B1,5.0,P27,pre,S2,alpha,6.8795310487347615e-09,11.0,P4
40.0,S2-B1,5.0,P27,slice,S2,alpha,7.237713523227734e-09,11.0,P4
41.0,S2-B1,0.0,P27,post,S2,alpha,6.37878884344209e-09,11.0,Pz
41.0,S2-B1,0.0,P27,pre,S2,alpha,5.9342424106741395e-09,11.0,Pz
41.0,S2-B1,0.0,P27,slice,S2,alpha,5.645821113215547e-09,11.0,Pz
41.0,S2-B1,1.0,P27,post,S2,alpha,5.175134448626383e-09,11.0,P3
41.0,S2-B1,1.0,P27,pre,S2,alpha,4.7660962443404645e-09,11.0,P3
41.0,S2-B1,1.0,P27,slice,S2,alpha,4.541356664784981e-09,11.0,P3
41.0,S2-B1,2.0,P27,post,S2,alpha,4.238850113692893e-09,11.0,O1
41.0,S2-B1,2.0,P27,pre,S2,alpha,4.038490600200566e-09,11.0,O1
41.0,S2-B1,2.0,P27,slice,S2,alpha,3.977899958117052e-09,11.0,O1
41.0,S2-B1,3.0,P27,post,S2,alpha,4.656647139399058e-09,11.0,Oz
41.0,S2-B1,3.0,P27,pre,S2,alpha,4.56161029488519e-09,11.0,Oz
41.0,S2-B1,3.0,P27,slice,S2,alpha,4.540053157358408e-09,11.0,Oz
41.0,S2-B1,4.0,P27,post,S2,alpha,5.7113937508541265e-09,11.0,O2
41.0,S2-B1,4.0,P27,pre,S2,alpha,5.661490264400709e-09,11.0,O2
41.0,S2-B1,4.0,P27,slice,S2,alpha,5.645450100899718e-09,11.0,O2
41.0,S2-B1,5.0,P27,post,S2,alpha,7.367735725672795e-09,11.0,P4
41.0,S2-B1,5.0,P27,pre,S2,alpha,7.2757003980333886e-09,11.0,P4
41.0,S2-B1,5.0,P27,slice,S2,alpha,7.2515054714032145e-09,11.0,P4
42.0,S2-B1,0.0,P27,post,S2,alpha,5.880279939227248e-09,11.0,Pz
42.0,S2-B1,0.0,P27,pre,S2,alpha,5.910310921564183e-09,11.0,Pz
42.0,S2-B1,0.0,P27,slice,S2,alpha,5.665010107404493e-09,11.0,Pz
42.0,S2-B1,1.0,P27,post,S2,alpha,4.703369612589793e-09,11.0,P3
42.0,S2-B1,1.0,P27,pre,S2,alpha,4.6217912485040004e-09,11.0,P3
42.0,S2-B1,1.0,P27,slice,S2,alpha,4.5561430685522025e-09,11.0,P3
42.0,S2-B1,2.0,P27,post,S2,alpha,3.931356751401186e-09,11.0,O1
42.0,S2-B1,2.0,P27,pre,S2,alpha,3.8094380687305564e-09,11.0,O1
42.0,S2-B1,2.0,P27,slice,S2,alpha,3.9911131420933135e-09,11.0,O1
42.0,S2-B1,3.0,P27,post,S2,alpha,4.432014210808855e-09,11.0,Oz
42.0,S2-B1,3.0,P27,pre,S2,alpha,4.387890146030991e-09,11.0,Oz
42.0,S2-B1,3.0,P27,slice,S2,alpha,4.55588277931045e-09,11.0,Oz
42.0,S2-B1,4.0,P27,post,S2,alpha,5.53396407483052e-09,11.0,O2
42.0,S2-B1,4.0,P27,pre,S2,alpha,5.599227994496628e-09,11.0,O2
42.0,S2-B1,4.0,P27,slice,S2,alpha,5.664698009948995e-09,11.0,O2
42.0,S2-B1,5.0,P27,post,S2,alpha,7.197033595557e-09,11.0,P4
42.0,S2-B1,5.0,P27,pre,S2,alpha,7.361574010902333e-09,11.0,P4
42.0,S2-B1,5.0,P27,slice,S2,alpha,7.276542953011171e-09,11.0,P4
43.0,S2-B1,0.0,P27,post,S2,alpha,5.249372440785277e-09,11.0,Pz
43.0,S2-B1,0.0,P27,pre,S2,alpha,4.9566967008384016e-09,11.0,Pz
43.0,S2-B1,0.0,P27,slice,S2,alpha,5.6326504997842425e-09,11.0,Pz
43.0,S2-B1,1.0,P27,post,S2,alpha,4.136749372642094e-09,11.0,P3
43.0,S2-B1,1.0,P27,pre,S2,alpha,3.918256592374444e-09,11.0,P3
43.0,S2-B1,1.0,P27,slice,S2,alpha,4.531128737720665e-09,11.0,P3
43.0,S2-B1,2.0,P27,post,S2,alpha,3.503884288352442e-09,11.0,O1
43.0,S2-B1,2.0,P27,pre,S2,alpha,3.4588992783590985e-09,11.0,O1
43.0,S2-B1,2.0,P27,slice,S2,alpha,3.9704397572605825e-09,11.0,O1
43.0,S2-B1,3.0,P27,post,S2,alpha,4.023899770054909e-09,11.0,Oz
43.0,S2-B1,3.0,P27,pre,S2,alpha,4.038738044184443e-09,11.0,Oz
43.0,S2-B1,3.0,P27,slice,S2,alpha,4.532037148784642e-09,11.0,Oz
43.0,S2-B1,4.0,P27,post,S2,alpha,5.090602579704275e-09,11.0,O2
43.0,S2-B1,4.0,P27,pre,S2,alpha,5.119586771525429e-09,11.0,O2
43.0,S2-B1,4.0,P27,slice,S2,alpha,5.6347388933572665e-09,11.0,O2
43.0,S2-B1,5.0,P27,post,S2,alpha,6.667789000527124e-09,11.0,P4
43.0,S2-B1,5.0,P27,pre,S2,alpha,6.652667900061765e-09,11.0,P4
43.0,S2-B1,5.0,P27,slice,S2,alpha,7.237228673886404e-09,11.0,P4
44.0,S2-B1,0.0,P27,post,S2,alpha,5.5402870373742816e-09,11.0,Pz
44.0,S2-B1,0.0,P27,pre,S2,alpha,5.298268050640223e-09,11.0,Pz
44.0,S2-B1,0.0,P27,slice,S2,alpha,5.652392518983486e-09,11.0,Pz
44.0,S2-B1,1.0,P27,post,S2,alpha,4.346626499952438e-09,11.0,P3
44.0,S2-B1,1.0,P27,pre,S2,alpha,4.241704286933899e-09,11.0,P3
44.0,S2-B1,1.0,P27,slice,S2,alpha,4.54598527519305e-09,11.0,P3
44.0,S2-B1,2.0,P27,post,S2,alpha,3.860681667844378e-09,11.0,O1
44.0,S2-B1,2.0,P27,pre,S2,alpha,3.8722170068252934e-09,11.0,O1
44.0,S2-B1,2.0,P27,slice,S2,alpha,3.9829217024309836e-09,11.0,O1
44.0,S2-B1,3.0,P27,post,S2,alpha,4.578421902013959e-09,11.0,Oz
44.0,S2-B1,3.0,P27,pre,S2,alpha,4.523810566755141e-09,11.0,Oz
44.0,S2-B1,3.0,P27,slice,S2,alpha,4.545588884275842e-09,11.0,Oz
44.0,S2-B1,4.0,P27,post,S2,alpha,5.851940475437868e-09,11.0,O2
44.0,S2-B1,4.0,P27,pre,S2,alpha,5.660721385540879e-09,11.0,O2
44.0,S2-B1,4.0,P27,slice,S2,alpha,5.650632409889172e-09,11.0,O2
44.0,S2-B1,5.0,P27,post,S2,alpha,7.567651799406687e-09,11.0,P4
44.0,S2-B1,5.0,P27,pre,S2,alpha,7.218786860499452e-09,11.0,P4
44.0,S2-B1,5.0,P27,slice,S2,alpha,7.258914917066546e-09,11.0,P4
45.0,S2-B1,0.0,P27,post,S2,alpha,5.4802708059372125e-09,11.0,Pz
45.0,S2-B1,0.0,P27,pre,S2,alpha,5.4549558239506265e-09,11.0,Pz
45.0,S2-B1,0.0,P27,slice,S2,alpha,5.669471690920608e-09,11.0,Pz
45.0,S2-B1,1.0,P27,post,S2,alpha,4.417022653029415e-09,11.0,P3
45.0,S2-B1,1.0,P27,pre,S2,alpha,4.4548149148962065e-09,11.0,P3
45.0,S2-B1,1.0,P27,slice,S2,alpha,4.5601794548601254e-09,11.0,P3
45.0,S2-B1,2.0,P27,post,S2,alpha,3.978379836920272e-09,11.0,O1
45.0,S2-B1,2.0,P27,pre,S2,alpha,4.254455414037371e-09,11.0,O1
45.0,S2-B1,2.0,P27,slice,S2,alpha,3.993939842713529e-09,11.0,O1
45.0,S2-B1,3.0,P27,post,S2,alpha,4.6066617188289105e-09,11.0,Oz
45.0,S2-B1,3.0,P27,pre,S2,alpha,4.967243049601223e-09,11.0,Oz
45.0,S2-B1,3.0,P27,slice,S2,alpha,4.5584663256134375e-09,11.0,Oz
45.0,S2-B1,4.0,P27,post,S2,alpha,5.731487542366821e-09,11.0,O2
45.0,S2-B1,4.0,P27,pre,S2,alpha,6.117037763957793e-09,11.0,O2
45.0,S2-B1,4.0,P27,slice,S2,alpha,5.668446631011532e-09,11.0,O2
45.0,S2-B1,5.0,P27,post,S2,alpha,7.2719643445133415e-09,11.0,P4
45.0,S2-B1,5.0,P27,pre,S2,alpha,7.63283049659438e-09,11.0,P4
45.0,S2-B1,5.0,P27,slice,S2,alpha,7.282744916901376e-09,11.0,P4
46.0,S2-B1,0.0,P27,post,S2,alpha,5.090937883727453e-09,11.0,Pz
46.0,S2-B1,0.0,P27,pre,S2,alpha,5.268899063175299e-09,11.0,Pz
46.0,S2-B1,0.0,P27,slice,S2,alpha,5.631067330983604e-09,11.0,Pz
46.0,S2-B1,1.0,P27,post,S2,alpha,4.010290932617718e-09,11.0,P3
46.0,S2-B1,1.0,P27,pre,S2,alpha,4.2832258248873395e-09,11.0,P3
46.0,S2-B1,1.0,P27,slice,S2,alpha,4.530653811515168e-09,11.0,P3
46.0,S2-B1,2.0,P27,post,S2,alpha,3.4831414323291247e-09,11.0,O1
46.0,S2-B1,2.0,P27,pre,S2,alpha,3.848101390395221e-09,11.0,O1
46.0,S2-B1,2.0,P27,slice,S2,alpha,3.969510988699279e-09,11.0,O1
46.0,S2-B1,3.0,P27,post,S2,alpha,4.037196694257235e-09,11.0,Oz
46.0,S2-B1,3.0,P27,pre,S2,alpha,4.370554606548404e-09,11.0,Oz
46.0,S2-B1,3.0,P27,slice,S2,alpha,4.530318522934376e-09,11.0,Oz
46.0,S2-B1,4.0,P27,post,S2,alpha,5.108296626667957e-09,11.0,O2
46.0,S2-B1,4.0,P27,pre,S2,alpha,5.36353752569449e-09,11.0,O2
46.0,S2-B1,4.0,P27,slice,S2,alpha,5.631422478461902e-09,11.0,O2
46.0,S2-B1,5.0,P27,post,S2,alpha,6.663691186071947e-09,11.0,P4
46.0,S2-B1,5.0,P27,pre,S2,alpha,6.812027379727379e-09,11.0,P4
46.0,S2-B1,5.0,P27,slice,S2,alpha,7.232324320492712e-09,11.0,P4
47.0,S2-B1,0.0,P27,post,S2,alpha,5.135394315536442e-09,11.0,Pz
47.0,S2-B1,0.0,P27,pre,S2,alpha,5.270812039879918e-09,11.0,Pz
47.0,S2-B1,0.0,P27,slice,S2,alpha,5.637909866859073e-09,11.0,Pz
47.0,S2-B1,1.0,P27,post,S2,alpha,4.227864042878622e-09,11.0,P3
47.0,S2-B1,1.0,P27,pre,S2,alpha,4.276251205256234e-09,11.0,P3
47.0,S2-B1,1.0,P27,slice,S2,alpha,4.535188435172386e-09,11.0,P3
47.0,S2-B1,2.0,P27,post,S2,alpha,4.144630232555156e-09,11.0,O1
47.0,S2-B1,2.0,P27,pre,S2,alpha,3.878406736357997e-09,11.0,O1
47.0,S2-B1,2.0,P27,slice,S2,alpha,3.973491306176978e-09,11.0,O1
47.0,S2-B1,3.0,P27,post,S2,alpha,4.845669340374285e-09,11.0,Oz
47.0,S2-B1,3.0,P27,pre,S2,alpha,4.453978019115816e-09,11.0,Oz
47.0,S2-B1,3.0,P27,slice,S2,alpha,4.5346841631794554e-09,11.0,Oz
47.0,S2-B1,4.0,P27,post,S2,alpha,5.9626931637407355e-09,11.0,O2
47.0,S2-B1,4.0,P27,pre,S2,alpha,5.521911984351758e-09,11.0,O2
47.0,S2-B1,4.0,P27,slice,S2,alpha,5.637375445637991e-09,11.0,O2
47.0,S2-B1,5.0,P27,post,S2,alpha,7.4425056104020464e-09,11.0,P4
47.0,S2-B1,5.0,P27,pre,S2,alpha,7.04822438263345e-09,11.0,P4
47.0,S2-B1,5.0,P27,slice,S2,alpha,7.242563545488228e-09,11.0,P4
48.0,S2-B1,0.0,P27,post,S2,alpha,5.858581594039303e-09,11.0,Pz
48.0,S2-B1,0.0,P27,pre,S2,alpha,5.936220000740037e-09,11.0,Pz
48.0,S2-B1,0.0,P27,slice,S2,alpha,5.620476321204879e-09,11.0,Pz
48.0,S2-B1,1.0,P27,post,S2,alpha,4.956781856604969e-09,11.0,P3
48.0,S2-B1,1.0,P27,pre,S2,alpha,5.071690650282413e-09,11.0,P3
48.0,S2-B1,1.0,P27,slice,S2,alpha,4.521221725654285e-09,11.0,P3
48.0,S2-B1,2.0,P27,post,S2,alpha,4.605923322906554e-09,11.0,O1
48.0,S2-B1,2.0,P27,pre,S2,alpha,4.6794861291217235e-09,11.0,O1
48.0,S2-B1,2.0,P27,slice,S2,alpha,3.9615234985141095e-09,11.0,O1
48.0,S2-B1,3.0,P27,post,S2,alpha,5.112566219611174e-09,11.0,Oz
48.0,S2-B1,3.0,P27,pre,S2,alpha,5.138971866099827e-09,11.0,Oz
48.0,S2-B1,3.0,P27,slice,S2,alpha,4.521558788384915e-09,11.0,Oz
48.0,S2-B1,4.0,P27,post,S2,alpha,6.041071531470157e-09,11.0,O2
48.0,S2-B1,4.0,P27,pre,S2,alpha,6.037568545714269e-09,11.0,O2
48.0,S2-B1,4.0,P27,slice,S2,alpha,5.6221002157980615e-09,11.0,O2
48.0,S2-B1,5.0,P27,post,S2,alpha,7.3944402979544606e-09,11.0,P4
48.0,S2-B1,5.0,P27,pre,S2,alpha,7.386325748020198e-09,11.0,P4
48.0,S2-B1,5.0,P27,slice,S2,alpha,7.2217069263366855e-09,11.0,P4
49.0,S2-B1,0.0,P27,post,S2,alpha,5.410824141497952e-09,11.0,Pz
49.0,S2-B1,0.0,P27,pre,S2,alpha,5.718791987952201e-09,11.0,Pz
49.0,S2-B1,0.0,P27,slice,S2,alpha,5.576470753140075e-09,11.0,Pz
49.0,S2-B1,1.0,P27,post,S2,alpha,4.345766523274539e-09,11.0,P3
49.0,S2-B1,1.0,P27,pre,S2,alpha,4.693768246291266e-09,11.0,P3
49.0,S2-B1,1.0,P27,slice,S2,alpha,4.485917069460529e-09,11.0,P3
49.0,S2-B1,2.0,P27,post,S2,alpha,3.7681542101236995e-09,11.0,O1
49.0,S2-B1,2.0,P27,pre,S2,alpha,3.912666433814184e-09,11.0,O1
49.0,S2-B1,2.0,P27,slice,S2,alpha,3.930266905358038e-09,11.0,O1
49.0,S2-B1,3.0,P27,post,S2,alpha,4.26850298778073e-09,11.0,Oz
49.0,S2-B1,3.0,P27,pre,S2,alpha,4.232626586877882e-09,11.0,Oz
49.0,S2-B1,3.0,P27,slice,S2,alpha,4.485828059935993e-09,11.0,Oz
49.0,S2-B1,4.0,P27,post,S2,alpha,5.291480307436548e-09,11.0,O2
49.0,S2-B1,4.0,P27,pre,S2,alpha,5.090466069083928e-09,11.0,O2
49.0,S2-B1,4.0,P27,slice,S2,alpha,5.577302649859477e-09,11.0,O2
49.0,S2-B1,5.0,P27,post,S2,alpha,6.8309672982493496e-09,11.0,P4
49.0,S2-B1,5.0,P27,pre,S2,alpha,6.517320271565516e-09,11.0,P4
49.0,S2-B1,5.0,P27,slice,S2,alpha,7.164516468849176e-09,11.0,P4
50.0,S2-B1,0.0,P27,post,S2,alpha,5.184948988816072e-09,11.0,Pz
50.0,S2-B1,0.0,P27,pre,S2,alpha,5.1073098977081805e-09,11.0,Pz
50.0,S2-B1,0.0,P27,slice,S2,alpha,5.6688234285765475e-09,11.0,Pz
50.0,S2-B1,1.0,P27,post,S2,alpha,4.281290717188569e-09,11.0,P3
50.0,S2-B1,1.0,P27,pre,S2,alpha,4.064167915352027e-09,11.0,P3
50.0,S2-B1,1.0,P27,slice,S2,alpha,4.560154835262981e-09,11.0,P3
50.0,S2-B1,2.0,P27,post,S2,alpha,3.844532083626092e-09,11.0,O1
50.0,S2-B1,2.0,P27,pre,S2,alpha,3.512390112877445e-09,11.0,O1
50.0,S2-B1,2.0,P27,slice,S2,alpha,3.994547103213996e-09,11.0,O1
50.0,S2-B1,3.0,P27,post,S2,alpha,4.321587145830954e-09,11.0,Oz
50.0,S2-B1,3.0,P27,pre,S2,alpha,4.039485427112012e-09,11.0,Oz
50.0,S2-B1,3.0,P27,slice,S2,alpha,4.5577089917577565e-09,11.0,Oz
50.0,S2-B1,4.0,P27,post,S2,alpha,5.2678424635771745e-09,11.0,O2
50.0,S2-B1,4.0,P27,pre,S2,alpha,5.093408250395373e-09,11.0,O2
50.0,S2-B1,4.0,P27,slice,S2,alpha,5.665464658108448e-09,11.0,O2
50.0,S2-B1,5.0,P27,post,S2,alpha,6.6679246639593144e-09,11.0,P4
50.0,S2-B1,5.0,P27,pre,S2,alpha,6.636222474733718e-09,11.0,P4
50.0,S2-B1,5.0,P27,slice,S2,alpha,7.2779957624746324e-09,11.0,P4
51.0,S2-B1,0.0,P27,post,S2,alpha,6.156190897569203e-09,11.0,Pz
51.0,S2-B1,0.0,P27,pre,S2,alpha,5.8729918477930554e-09,11.0,Pz
51.0,S2-B1,0.0,P27,slice,S2,alpha,5.689072429541247e-09,11.0,Pz
51.0,S2-B1,1.0,P27,post,S2,alpha,5.100729973582028e-09,11.0,P3
51.0,S2-B1,1.0,P27,pre,S2,alpha,4.79231999114378e-09,11.0,P3
51.0,S2-B1,1.0,P27,slice,S2,alpha,4.57583049386512e-09,11.0,P3
51.0,S2-B1,2.0,P27,post,S2,alpha,4.265870384875166e-09,11.0,O1
51.0,S2-B1,2.0,P27,pre,S2,alpha,4.042917703207486e-09,11.0,O1
51.0,S2-B1,2.0,P27,slice,S2,alpha,4.008949994663172e-09,11.0,O1
51.0,S2-B1,3.0,P27,post,S2,alpha,4.607452284760969e-09,11.0,Oz
51.0,S2-B1,3.0,P27,pre,S2,alpha,4.477923635898799e-09,11.0,Oz
51.0,S2-B1,3.0,P27,slice,S2,alpha,4.575847080816695e-09,11.0,Oz
51.0,S2-B1,4.0,P27,post,S2,alpha,5.513276046511954e-09,11.0,O2
51.0,S2-B1,4.0,P27,pre,S2,alpha,5.468212269823262e-09,11.0,O2
51.0,S2-B1,4.0,P27,slice,S2,alpha,5.689389398750938e-09,11.0,O2
51.0,S2-B1,5.0,P27,post,S2,alpha,6.984825384656015e-09,11.0,P4
51.0,S2-B1,5.0,P27,pre,S2,alpha,6.974421421131903e-09,11.0,P4
51.0,S2-B1,5.0,P27,slice,S2,alpha,7.309207878576552e-09,11.0,P4
52.0,S2-B1,0.0,P27,post,S2,alpha,5.51895242086893e-09,11.0,Pz
52.0,S2-B1,0.0,P27,pre,S2,alpha,6.127513205247633e-09,11.0,Pz
52.0,S2-B1,0.0,P27,slice,S2,alpha,5.641266430376438e-09,11.0,Pz
52.0,S2-B1,1.0,P27,post,S2,alpha,4.43523498409952e-09,11.0,P3
52.0,S2-B1,1.0,P27,pre,S2,alpha,4.833120844619463e-09,11.0,P3
52.0,S2-B1,1.0,P27,slice,S2,alpha,4.537106842388827e-09,11.0,P3
52.0,S2-B1,2.0,P27,post,S2,alpha,3.7070726333698784e-09,11.0,O1
52.0,S2-B1,2.0,P27,pre,S2,alpha,3.872103457469913e-09,11.0,O1
52.0,S2-B1,2.0,P27,slice,S2,alpha,3.9770668295742385e-09,11.0,O1
52.0,S2-B1,3.0,P27,post,S2,alpha,4.147093773315551e-09,11.0,Oz
52.0,S2-B1,3.0,P27,pre,S2,alpha,4.3460352086234705e-09,11.0,Oz
52.0,S2-B1,3.0,P27,slice,S2,alpha,4.539511013332344e-09,11.0,Oz
52.0,S2-B1,4.0,P27,post,S2,alpha,5.143590252265645e-09,11.0,O2
52.0,S2-B1,4.0,P27,pre,S2,alpha,5.485282603031815e-09,11.0,O2
52.0,S2-B1,4.0,P27,slice,S2,alpha,5.642465615769811e-09,11.0,O2
52.0,S2-B1,5.0,P27,post,S2,alpha,6.6802451650190535e-09,11.0,P4
52.0,S2-B1,5.0,P27,pre,S2,alpha,7.2408938253819264e-09,11.0,P4
52.0,S2-B1,5.0,P27,slice,S2,alpha,7.248122731020762e-09,11.0,P4
53.0,S2-B1,0.0,P27,post,S2,alpha,5.142775383966242e-09,11.0,Pz
53.0,S2-B1,0.0,P27,pre,S2,alpha,5.1820532069294335e-09,11.0,Pz
53.0,S2-B1,0.0,P27,slice,S2,alpha,5.656033207576908e-09,11.0,Pz
53.0,S2-B1,1.0,P27,post,S2,alpha,4.0841742490776585e-09,11.0,P3
53.0,S2-B1,1.0,P27,pre,S2,alpha,4.082916043269032e-09,11.0,P3
53.0,S2-B1,1.0,P27,slice,S2,alpha,4.54993975309761e-09,11.0,P3
53.0,S2-B1,2.0,P27,post,S2,alpha,3.4480796327506896e-09,11.0,O1
53.0,S2-B1,2.0,P27,pre,S2,alpha,3.558634390503409e-09,11.0,O1
53.0,S2-B1,2.0,P27,slice,S2,alpha,3.986244991720061e-09,11.0,O1
53.0,S2-B1,3.0,P27,post,S2,alpha,3.9246262889334694e-09,11.0,Oz
53.0,S2-B1,3.0,P27,pre,S2,alpha,4.147104173656007e-09,11.0,Oz
53.0,S2-B1,3.0,P27,slice,S2,alpha,4.5493106099975725e-09,11.0,Oz
53.0,S2-B1,4.0,P27,post,S2,alpha,4.92744443829332e-09,11.0,O2
53.0,S2-B1,4.0,P27,pre,S2,alpha,5.276506937056507e-09,11.0,O2
53.0,S2-B1,4.0,P27,slice,S2,alpha,5.655705949703921e-09,11.0,O2
53.0,S2-B1,5.0,P27,post,S2,alpha,6.428513981027526e-09,11.0,P4
53.0,S2-B1,5.0,P27,pre,S2,alpha,6.894476595161023e-09,11.0,P4
53.0,S2-B1,5.0,P27,slice,S2,alpha,7.265245593813044e-09,11.0,P4
54.0,S2-B1,0.0,P27,post,S2,alpha,6.0081081025774795e-09,11.0,Pz
54.0,S2-B1,0.0,P27,pre,S2,alpha,5.5709226764935785e-09,11.0,Pz
54.0,S2-B1,0.0,P27,slice,S2,alpha,5.633537597700695e-09,11.0,Pz
54.0,S2-B1,1.0,P27,post,S2,alpha,4.718458679362474e-09,11.0,P3
54.0,S2-B1,1.0,P27,pre,S2,alpha,4.4362053498628014e-09,11.0,P3
54.0,S2-B1,1.0,P27,slice,S2,alpha,4.530771823738194e-09,11.0,P3
54.0,S2-B1,2.0,P27,post,S2,alpha,3.995381784041457e-09,11.0,O1
54.0,S2-B1,2.0,P27,pre,S2,alpha,3.958583132635646e-09,11.0,O1
54.0,S2-B1,2.0,P27,slice,S2,alpha,3.9700958830432194e-09,11.0,O1
54.0,S2-B1,3.0,P27,post,S2,alpha,4.6392977654627585e-09,11.0,Oz
54.0,S2-B1,3.0,P27,pre,S2,alpha,4.612208792962706e-09,11.0,Oz
54.0,S2-B1,3.0,P27,slice,S2,alpha,4.531608538890647e-09,11.0,Oz
54.0,S2-B1,4.0,P27,post,S2,alpha,5.911642560114252e-09,11.0,O2
54.0,S2-B1,4.0,P27,pre,S2,alpha,5.793105391838645e-09,11.0,O2
54.0,S2-B1,4.0,P27,slice,S2,alpha,5.633724545240107e-09,11.0,O2
54.0,S2-B1,5.0,P27,post,S2,alpha,7.708751204611151e-09,11.0,P4
54.0,S2-B1,5.0,P27,pre,S2,alpha,7.418969873982145e-09,11.0,P4
54.0,S2-B1,5.0,P27,slice,S2,alpha,7.237237065823617e-09,11.0,P4
55.0,S2-B1,0.0,P27,post,S2,alpha,5.5971096488315054e-09,11.0,Pz
55.0,S2-B1,0.0,P27,pre,S2,alpha,5.600357169059362e-09,11.0,Pz
55.0,S2-B1,0.0,P27,slice,S2,alpha,5.648094723575047e-09,11.0,Pz
55.0,S2-B1,1.0,P27,post,S2,alpha,4.46900327744505e-09,11.0,P3
55.0,S2-B1,1.0,P27,pre,S2,alpha,4.465112719821714e-09,11.0,P3
55.0,S2-B1,1.0,P27,slice,S2,alpha,4.54381840478273e-09,11.0,P3
55.0,S2-B1,2.0,P27,post,S2,alpha,3.8869317608676065e-09,11.0,O1
55.0,S2-B1,2.0,P27,pre,S2,alpha,4.100650725508889e-09,11.0,O1
55.0,S2-B1,2.0,P27,slice,S2,alpha,3.9822055120956245e-09,11.0,O1
55.0,S2-B1,3.0,P27,post,S2,alpha,4.482479247644647e-09,11.0,Oz
55.0,S2-B1,3.0,P27,pre,S2,alpha,4.835751049468707e-09,11.0,Oz
55.0,S2-B1,3.0,P27,slice,S2,alpha,4.54487100983666e-09,11.0,Oz
55.0,S2-B1,4.0,P27,post,S2,alpha,5.624160020499764e-09,11.0,O2
55.0,S2-B1,4.0,P27,pre,S2,alpha,6.076189023297753e-09,11.0,O2
55.0,S2-B1,4.0,P27,slice,S2,alpha,5.650574966614818e-09,11.0,O2
55.0,S2-B1,5.0,P27,post,S2,alpha,7.2344865693560016e-09,11.0,P4
55.0,S2-B1,5.0,P27,pre,S2,alpha,7.729019589322786e-09,11.0,P4
55.0,S2-B1,5.0,P27,slice,S2,alpha,7.258195142899574e-09,11.0,P4
56.0,S2-B1,0.0,P27,post,S2,alpha,4.895091609555689e-09,11.0,Pz
56.0,S2-B1,0.0,P27,pre,S2,alpha,4.890324155788437e-09,11.0,Pz
56.0,S2-B1,0.0,P27,slice,S2,alpha,5.714087098227218e-09,11.0,Pz
56.0,S2-B1,1.0,P27,post,S2,alpha,3.848734049692873e-09,11.0,P3
56.0,S2-B1,1.0,P27,pre,S2,alpha,3.935290641550488e-09,11.0,P3
56.0,S2-B1,1.0,P27,slice,S2,alpha,4.596153238631942e-09,11.0,P3
56.0,S2-B1,2.0,P27,post,S2,alpha,3.3118525278533437e-09,11.0,O1
56.0,S2-B1,2.0,P27,pre,S2,alpha,3.5406325448480722e-09,11.0,O1
56.0,S2-B1,2.0,P27,slice,S2,alpha,4.027625216100648e-09,11.0,O1
56.0,S2-B1,3.0,P27,post,S2,alpha,3.836073963567495e-09,11.0,Oz
56.0,S2-B1,3.0,P27,pre,S2,alpha,4.079587628991339e-09,11.0,Oz
56.0,S2-B1,3.0,P27,slice,S2,alpha,4.597764116647231e-09,11.0,Oz
56.0,S2-B1,4.0,P27,post,S2,alpha,4.864222834012239e-09,11.0,O2
56.0,S2-B1,4.0,P27,pre,S2,alpha,5.073240423954517e-09,11.0,O2
56.0,S2-B1,4.0,P27,slice,S2,alpha,5.71630771441877e-09,11.0,O2
56.0,S2-B1,5.0,P27,post,S2,alpha,6.361491197523482e-09,11.0,P4
56.0,S2-B1,5.0,P27,pre,S2,alpha,6.4847576919927274e-09,11.0,P4
56.0,S2-B1,5.0,P27,slice,S2,alpha,7.343111665583724e-09,11.0,P4
57.0,S2-B1,0.0,P27,post,S2,alpha,5.172772305896173e-09,11.0,Pz
57.0,S2-B1,0.0,P27,pre,S2,alpha,5.192046972923518e-09,11.0,Pz
57.0,S2-B1,0.0,P27,slice,S2,alpha,5.623939555272633e-09,11.0,Pz
57.0,S2-B1,1.0,P27,post,S2,alpha,4.176875274396847e-09,11.0,P3
57.0,S2-B1,1.0,P27,pre,S2,alpha,4.209889488249722e-09,11.0,P3
57.0,S2-B1,1.0,P27,slice,S2,alpha,4.523840988350787e-09,11.0,P3
57.0,S2-B1,2.0,P27,post,S2,alpha,4.05514086556647e-09,11.0,O1
57.0,S2-B1,2.0,P27,pre,S2,alpha,3.865972418332996e-09,11.0,O1
57.0,S2-B1,2.0,P27,slice,S2,alpha,3.963528707199171e-09,11.0,O1
57.0,S2-B1,3.0,P27,post,S2,alpha,4.8202177618128475e-09,11.0,Oz
57.0,S2-B1,3.0,P27,pre,S2,alpha,4.463462097081303e-09,11.0,Oz
57.0,S2-B1,3.0,P27,slice,S2,alpha,4.524637990584466e-09,11.0,Oz
57.0,S2-B1,4.0,P27,post,S2,alpha,6.023222020205063e-09,11.0,O2
57.0,S2-B1,4.0,P27,pre,S2,alpha,5.5391650908345945e-09,11.0,O2
57.0,S2-B1,4.0,P27,slice,S2,alpha,5.62514055467008e-09,11.0,O2
57.0,S2-B1,5.0,P27,post,S2,alpha,7.584208234781041e-09,11.0,P4
57.0,S2-B1,5.0,P27,pre,S2,alpha,7.04968397428503e-09,11.0,P4
57.0,S2-B1,5.0,P27,slice,S2,alpha,7.226029420344594e-09,11.0,P4
58.0,S2-B1,0.0,P27,post,S2,alpha,5.774997071130478e-09,11.0,Pz
58.0,S2-B1,0.0,P27,pre,S2,alpha,5.857375427547064e-09,11.0,Pz
58.0,S2-B1,0.0,P27,slice,S2,alpha,5.614826209743196e-09,11.0,Pz
58.0,S2-B1,1.0,P27,post,S2,alpha,4.811837703737251e-09,11.0,P3
58.0,S2-B1,1.0,P27,pre,S2,alpha,4.98891109743053e-09,11.0,P3
58.0,S2-B1,1.0,P27,slice,S2,alpha,4.516301826654318e-09,11.0,P3
58.0,S2-B1,2.0,P27,post,S2,alpha,4.5078566173259435e-09,11.0,O1
58.0,S2-B1,2.0,P27,pre,S2,alpha,4.7698339678320965e-09,11.0,O1
58.0,S2-B1,2.0,P27,slice,S2,alpha,3.956792739429815e-09,11.0,O1
58.0,S2-B1,3.0,P27,post,S2,alpha,5.102255721729007e-09,11.0,Oz
58.0,S2-B1,3.0,P27,pre,S2,alpha,5.332409406632335e-09,11.0,Oz
58.0,S2-B1,3.0,P27,slice,S2,alpha,4.516125152644711e-09,11.0,Oz
58.0,S2-B1,4.0,P27,post,S2,alpha,6.13508414225347e-09,11.0,O2
58.0,S2-B1,4.0,P27,pre,S2,alpha,6.314044165327929e-09,11.0,O2
58.0,S2-B1,4.0,P27,slice,S2,alpha,5.613759943890182e-09,11.0,O2
58.0,S2-B1,5.0,P27,post,S2,alpha,7.571877807578529e-09,11.0,P4
58.0,S2-B1,5.0,P27,pre,S2,alpha,7.701888264857153e-09,11.0,P4
58.0,S2-B1,5.0,P27,slice,S2,alpha,7.211054199207398e-09,11.0,P4
59.0,S2-B1,0.0,P27,post,S2,alpha,5.315834794746171e-09,11.0,Pz
59.0,S2-B1,0.0,P27,pre,S2,alpha,5.4629313020250245e-09,11.0,Pz
59.0,S2-B1,0.0,P27,slice,S2,alpha,5.639650853933016e-09,11.0,Pz
59.0,S2-B1,1.0,P27,post,S2,alpha,4.2478735849039816e-09,11.0,P3
59.0,S2-B1,1.0,P27,pre,S2,alpha,4.50274988646266e-09,11.0,P3
59.0,S2-B1,1.0,P27,slice,S2,alpha,4.536546156231028e-09,11.0,P3
59.0,S2-B1,2.0,P27,post,S2,alpha,3.708788487378949e-09,11.0,O1
59.0,S2-B1,2.0,P27,pre,S2,alpha,3.881126083823434e-09,11.0,O1
59.0,S2-B1,2.0,P27,slice,S2,alpha,3.974534108451256e-09,11.0,O1
59.0,S2-B1,3.0,P27,post,S2,alpha,4.241624468178691e-09,11.0,Oz
59.0,S2-B1,3.0,P27,pre,S2,alpha,4.253648498332477e-09,11.0,Oz
59.0,S2-B1,3.0,P27,slice,S2,alpha,4.53528171354335e-09,11.0,Oz
59.0,S2-B1,4.0,P27,post,S2,alpha,5.298714656416429e-09,11.0,O2
59.0,S2-B1,4.0,P27,pre,S2,alpha,5.114430709527194e-09,11.0,O2
59.0,S2-B1,4.0,P27,slice,S2,alpha,5.637922428519185e-09,11.0,O2
59.0,S2-B1,5.0,P27,post,S2,alpha,6.856559745179292e-09,11.0,P4
59.0,S2-B1,5.0,P27,pre,S2,alpha,6.482871199511928e-09,11.0,P4
59.0,S2-B1,5.0,P27,slice,S2,alpha,7.24236123823975e-09,11.0,P4
