epoch,cond,channel,pid,win,session,band,power,iaf,ch_name
0.0,S5-B3,0.0,P8,post,S5,theta,5.860922766782478e-11,9.375,Pz
0.0,S5-B3,0.0,P8,pre,S5,theta,1.1183085058790442e-10,9.375,Pz
0.0,S5-B3,0.0,P8,slice,S5,theta,2.051962155690065e-11,9.375,Pz
0.0,S5-B3,1.0,P8,post,S5,theta,3.147027763551578e-11,9.375,P3
0.0,S5-B3,1.0,P8,pre,S5,theta,6.712725656162417e-11,9.375,P3
0.0,S5-B3,1.0,P8,slice,S5,theta,1.6902652050061233e-11,9.375,P3
0.0,S5-B3,2.0,P8,post,S5,theta,4.890475249429047e-11,9.375,O1
0.0,S5-B3,2.0,P8,pre,S5,theta,2.760132473377281e-11,9.375,O1
0.0,S5-B3,2.0,P8,slice,S5,theta,1.458187760124474e-11,9.375,O1
0.0,S5-B3,3.0,P8,post,S5,theta,8.325405883718602e-11,9.375,Oz
0.0,S5-B3,3.0,P8,pre,S5,theta,4.259734858149851e-11,9.375,Oz
0.0,S5-B3,3.0,P8,slice,S5,theta,1.6823006588801542e-11,9.375,Oz
0.0,S5-B3,4.0,P8,post,S5,theta,1.2587675731660443e-10,9.375,O2
0.0,S5-B3,4.0,P8,pre,S5,theta,8.090716216376012e-11,9.375,O2
0.0,S5-B3,4.0,P8,slice,S5,theta,2.0524192130715937e-11,9.375,O2
0.0,S5-B3,5.0,P8,post,S5,theta,1.7330389897486407e-10,9.375,P4
0.0,S5-B3,5.0,P8,pre,S5,theta,1.4287586168170938e-10,9.375,P4
0.0,S5-B3,5.0,P8,slice,S5,theta,2.715485730710206e-11,9.375,P4
1.0,S5-B3,0.0,P8,post,S5,theta,9.382055325783974e-11,9.375,Pz
1.0,S5-B3,0.0,P8,pre,S5,theta,3.4788115331122914e-11,9.375,Pz
1.0,S5-B3,0.0,P8,slice,S5,theta,2.1356577247338987e-11,9.375,Pz
1.0,S5-B3,1.0,P8,post,S5,theta,4.8503384943352536e-11,9.375,P3
1.0,S5-B3,1.0,P8,pre,S5,theta,1.873634986082772e-11,9.375,P3
1.0,S5-B3,1.0,P8,slice,S5,theta,1.713293282081475e-11,9.375,P3
1.0,S5-B3,2.0,P8,post,S5,theta,1.4228003737749386e-10,9.375,O1
1.0,S5-B3,2.0,P8,pre,S5,theta,3.3912181514342166e-11,9.375,O1
1.0,S5-B3,2.0,P8,slice,S5,theta,1.568865795084798e-11,9.375,O1
1.0,S5-B3,3.0,P8,post,S5,theta,2.4429340141295905e-10,9.375,Oz
1.0,S5-B3,3.0,P8,pre,S5,theta,5.77480781571087e-11,9.375,Oz
1.0,S5-B3,3.0,P8,slice,S5,theta,1.8747636342663073e-11,9.375,Oz
1.0,S5-B3,4.0,P8,post,S5,theta,3.3929582640478436e-10,9.375,O2
1.0,S5-B3,4.0,P8,pre,S5,theta,7.633218211753565e-11,9.375,O2
1.0,S5-B3,4.0,P8,slice,S5,theta,2.372398735192296e-11,9.375,O2
1.0,S5-B3,5.0,P8,post,S5,theta,4.085102685050265e-10,9.375,P4
1.0,S5-B3,5.0,P8,pre,S5,theta,9.466631576428745e-11,9.375,P4
1.0,S5-B3,5.0,P8,slice,S5,theta,3.11049276344702e-11,9.375,P4
2.0,S5-B3,0.0,P8,post,S5,theta,3.714035793977759e-11,9.375,Pz
2.0,S5-B3,0.0,P8,pre,S5,theta,7.804882008540093e-11,9.375,Pz
2.0,S5-B3,0.0,P8,slice,S5,theta,2.115558663260147e-11,9.375,Pz
2.0,S5-B3,1.0,P8,post,S5,theta,3.488000984550487e-11,9.375,P3
2.0,S5-B3,1.0,P8,pre,S5,theta,4.691910745196912e-11,9.375,P3
2.0,S5-B3,1.0,P8,slice,S5,theta,1.7008745211108358e-11,9.375,P3
2.0,S5-B3,2.0,P8,post,S5,theta,7.212259855813847e-11,9.375,O1
2.0,S5-B3,2.0,P8,pre,S5,theta,1.4846402016563753e-10,9.375,O1
2.0,S5-B3,2.0,P8,slice,S5,theta,1.634829339678688e-11,9.375,O1
2.0,S5-B3,3.0,P8,post,S5,theta,1.0487576258550444e-10,9.375,Oz
2.0,S5-B3,3.0,P8,pre,S5,theta,2.497867510438064e-10,9.375,Oz
2.0,S5-B3,3.0,P8,slice,S5,theta,1.9629910960186687e-11,9.375,Oz
2.0,S5-B3,4.0,P8,post,S5,theta,1.2795122194161398e-10,9.375,O2
2.0,S5-B3,4.0,P8,pre,S5,theta,3.453550070550249e-10,9.375,O2
2.0,S5-B3,4.0,P8,slice,S5,theta,2.4513318692397885e-11,9.375,O2
2.0,S5-B3,5.0,P8,post,S5,theta,1.3187992915450844e-10,9.375,P4
2.0,S5-B3,5.0,P8,pre,S5,theta,4.0743551192020037e-10,9.375,P4
2.0,S5-B3,5.0,P8,slice,S5,theta,3.098892816770864e-11,9.375,P4
3.0,S5-B3,0.0,P8,post,S5,theta,2.8147670026222288e-11,9.375,Pz
3.0,S5-B3,0.0,P8,pre,S5,theta,5.196680055414402e-11,9.375,Pz
3.0,S5-B3,0.0,P8,slice,S5,theta,2.0507575429001135e-11,9.375,Pz
3.0,S5-B3,1.0,P8,post,S5,theta,3.296950110688775e-11,9.375,P3
3.0,S5-B3,1.0,P8,pre,S5,theta,5.258021016736731e-11,9.375,P3
3.0,S5-B3,1.0,P8,slice,S5,theta,1.6516103612367185e-11,9.375,P3
3.0,S5-B3,2.0,P8,post,S5,theta,6.393119756684585e-11,9.375,O1
3.0,S5-B3,2.0,P8,pre,S5,theta,1.2556369459386954e-10,9.375,O1
3.0,S5-B3,2.0,P8,slice,S5,theta,1.4510991004022688e-11,9.375,O1
3.0,S5-B3,3.0,P8,post,S5,theta,7.851274912451339e-11,9.375,Oz
3.0,S5-B3,3.0,P8,pre,S5,theta,1.7330214448088572e-10,9.375,Oz
3.0,S5-B3,3.0,P8,slice,S5,theta,1.6605792359841676e-11,9.375,Oz
3.0,S5-B3,4.0,P8,post,S5,theta,9.269692243601183e-11,9.375,O2
3.0,S5-B3,4.0,P8,pre,S5,theta,2.0652950317803958e-10,9.375,O2
3.0,S5-B3,4.0,P8,slice,S5,theta,2.0606223230734734e-11,9.375,O2
3.0,S5-B3,5.0,P8,post,S5,theta,1.0928792934433682e-10,9.375,P4
3.0,S5-B3,5.0,P8,pre,S5,theta,2.135166212191196e-10,9.375,P4
3.0,S5-B3,5.0,P8,slice,S5,theta,2.643397857940795e-11,9.375,P4
4.0,S5-B3,0.0,P8,post,S5,theta,1.2375827476271366e-10,9.375,Pz
4.0,S5-B3,0.0,P8,pre,S5,theta,2.4845830221183847e-11,9.375,Pz
4.0,S5-B3,0.0,P8,slice,S5,theta,2.0942171266828504e-11,9.375,Pz
4.0,S5-B3,1.0,P8,post,S5,theta,2.00022758973754e-10,9.375,P3
4.0,S5-B3,1.0,P8,pre,S5,theta,1.9868766981234963e-11,9.375,P3
4.0,S5-B3,1.0,P8,slice,S5,theta,1.7488764713692272e-11,9.375,P3
4.0,S5-B3,2.0,P8,post,S5,theta,3.290945651228186e-10,9.375,O1
4.0,S5-B3,2.0,P8,pre,S5,theta,2.8141926375948538e-11,9.375,O1
4.0,S5-B3,2.0,P8,slice,S5,theta,1.6508888840479035e-11,9.375,O1
4.0,S5-B3,3.0,P8,post,S5,theta,3.3987531036403564e-10,9.375,Oz
4.0,S5-B3,3.0,P8,pre,S5,theta,3.650482496332272e-11,9.375,Oz
4.0,S5-B3,3.0,P8,slice,S5,theta,1.8732893517857598e-11,9.375,Oz
4.0,S5-B3,4.0,P8,post,S5,theta,3.112174792366172e-10,9.375,O2
4.0,S5-B3,4.0,P8,pre,S5,theta,4.763539524952596e-11,9.375,O2
4.0,S5-B3,4.0,P8,slice,S5,theta,2.271491863586719e-11,9.375,O2
4.0,S5-B3,5.0,P8,post,S5,theta,2.578819080688065e-10,9.375,P4
4.0,S5-B3,5.0,P8,pre,S5,theta,6.403110941880613e-11,9.375,P4
4.0,S5-B3,5.0,P8,slice,S5,theta,2.840089807538978e-11,9.375,P4
5.0,S5-B3,0.0,P8,post,S5,theta,1.8625441149358376e-10,9.375,Pz
5.0,S5-B3,0.0,P8,pre,S5,theta,1.020865226925984e-10,9.375,Pz
5.0,S5-B3,0.0,P8,slice,S5,theta,2.3197795088909536e-11,9.375,Pz
5.0,S5-B3,1.0,P8,post,S5,theta,2.228776563438186e-10,9.375,P3
5.0,S5-B3,1.0,P8,pre,S5,theta,1.7010280314955992e-10,9.375,P3
5.0,S5-B3,1.0,P8,slice,S5,theta,2.0277405400455953e-11,9.375,P3
5.0,S5-B3,2.0,P8,post,S5,theta,2.3245159403835635e-10,9.375,O1
5.0,S5-B3,2.0,P8,pre,S5,theta,2.8403787352631645e-10,9.375,O1
5.0,S5-B3,2.0,P8,slice,S5,theta,1.9419574171299866e-11,9.375,O1
5.0,S5-B3,3.0,P8,post,S5,theta,1.9455050464671922e-10,9.375,Oz
5.0,S5-B3,3.0,P8,pre,S5,theta,2.924257924020275e-10,9.375,Oz
5.0,S5-B3,3.0,P8,slice,S5,theta,2.1099587217146822e-11,9.375,Oz
5.0,S5-B3,4.0,P8,post,S5,theta,1.3839935819558237e-10,9.375,O2
5.0,S5-B3,4.0,P8,pre,S5,theta,2.6988340136981595e-10,9.375,O2
5.0,S5-B3,4.0,P8,slice,S5,theta,2.4216510993806282e-11,9.375,O2
5.0,S5-B3,5.0,P8,post,S5,theta,8.734293923818034e-11,9.375,P4
5.0,S5-B3,5.0,P8,pre,S5,theta,2.2968434275808018e-10,9.375,P4
5.0,S5-B3,5.0,P8,slice,S5,theta,2.899126540661966e-11,9.375,P4
6.0,S5-B3,0.0,P8,post,S5,theta,3.431974439232218e-11,9.375,Pz
6.0,S5-B3,0.0,P8,pre,S5,theta,2.320682567075826e-10,9.375,Pz
6.0,S5-B3,0.0,P8,slice,S5,theta,2.2147955695077615e-11,9.375,Pz
6.0,S5-B3,1.0,P8,post,S5,theta,2.5701399213839222e-11,9.375,P3
6.0,S5-B3,1.0,P8,pre,S5,theta,2.8465548310881353e-10,9.375,P3
6.0,S5-B3,1.0,P8,slice,S5,theta,1.8222278802286967e-11,9.375,P3
6.0,S5-B3,2.0,P8,post,S5,theta,1.9612711046642775e-11,9.375,O1
6.0,S5-B3,2.0,P8,pre,S5,theta,3.024110319995905e-10,9.375,O1
6.0,S5-B3,2.0,P8,slice,S5,theta,1.6033073409578692e-11,9.375,O1
6.0,S5-B3,3.0,P8,post,S5,theta,2.1430791761006753e-11,9.375,Oz
6.0,S5-B3,3.0,P8,pre,S5,theta,2.5358204231325117e-10,9.375,Oz
6.0,S5-B3,3.0,P8,slice,S5,theta,1.77400361930448e-11,9.375,Oz
6.0,S5-B3,4.0,P8,post,S5,theta,2.8563816521113306e-11,9.375,O2
6.0,S5-B3,4.0,P8,pre,S5,theta,1.821114219735497e-10,9.375,O2
6.0,S5-B3,4.0,P8,slice,S5,theta,2.1349793621941046e-11,9.375,O2
6.0,S5-B3,5.0,P8,post,S5,theta,4.474521484612459e-11,9.375,P4
6.0,S5-B3,5.0,P8,pre,S5,theta,1.1625035471572712e-10,9.375,P4
6.0,S5-B3,5.0,P8,slice,S5,theta,2.6974127767745113e-11,9.375,P4
7.0,S5-B3,0.0,P8,post,S5,theta,2.371817118400267e-10,9.375,Pz
7.0,S5-B3,0.0,P8,pre,S5,theta,5.9779465987369e-11,9.375,Pz
7.0,S5-B3,0.0,P8,slice,S5,theta,2.1307756001553748e-11,9.375,Pz
7.0,S5-B3,1.0,P8,post,S5,theta,2.348055154782435e-10,9.375,P3
7.0,S5-B3,1.0,P8,pre,S5,theta,4.9526940143123275e-11,9.375,P3
7.0,S5-B3,1.0,P8,slice,S5,theta,1.72703646756116e-11,9.375,P3
7.0,S5-B3,2.0,P8,post,S5,theta,1.5018283453898283e-10,9.375,O1
7.0,S5-B3,2.0,P8,pre,S5,theta,3.4681244244625254e-11,9.375,O1
7.0,S5-B3,2.0,P8,slice,S5,theta,1.5055125962454532e-11,9.375,O1
7.0,S5-B3,3.0,P8,post,S5,theta,1.0163556289113158e-10,9.375,Oz
7.0,S5-B3,3.0,P8,pre,S5,theta,2.872725031499299e-11,9.375,Oz
7.0,S5-B3,3.0,P8,slice,S5,theta,1.7032737113828335e-11,9.375,Oz
7.0,S5-B3,4.0,P8,post,S5,theta,7.173712072197448e-11,9.375,O2
7.0,S5-B3,4.0,P8,pre,S5,theta,2.7915830271757856e-11,9.375,O2
7.0,S5-B3,4.0,P8,slice,S5,theta,2.107003572344453e-11,9.375,O2
7.0,S5-B3,5.0,P8,post,S5,theta,6.7488823078406e-11,9.375,P4
7.0,S5-B3,5.0,P8,pre,S5,theta,4.054543834827628e-11,9.375,P4
7.0,S5-B3,5.0,P8,slice,S5,theta,2.7023174915869597e-11,9.375,P4
8.0,S5-B3,0.0,P8,post,S5,theta,3.632167125229845e-10,9.375,Pz
8.0,S5-B3,0.0,P8,pre,S5,theta,1.613206073650596e-10,9.375,Pz
8.0,S5-B3,0.0,P8,slice,S5,theta,2.5158573503536363e-11,9.375,Pz
8.0,S5-B3,1.0,P8,post,S5,theta,3.0483703222168094e-10,9.375,P3
8.0,S5-B3,1.0,P8,pre,S5,theta,1.5724311515632316e-10,9.375,P3
8.0,S5-B3,1.0,P8,slice,S5,theta,2.067780180117078e-11,9.375,P3
8.0,S5-B3,2.0,P8,post,S5,theta,1.2633803453503388e-10,9.375,O1
8.0,S5-B3,2.0,P8,pre,S5,theta,9.798131542647854e-11,9.375,O1
8.0,S5-B3,2.0,P8,slice,S5,theta,1.6406999954529838e-11,9.375,O1
8.0,S5-B3,3.0,P8,post,S5,theta,6.180886696388548e-11,9.375,Oz
8.0,S5-B3,3.0,P8,pre,S5,theta,6.730592300024117e-11,9.375,Oz
8.0,S5-B3,3.0,P8,slice,S5,theta,1.7431060796321557e-11,9.375,Oz
8.0,S5-B3,4.0,P8,post,S5,theta,4.8923772455977565e-11,9.375,O2
8.0,S5-B3,4.0,P8,pre,S5,theta,5.155261691604257e-11,9.375,O2
8.0,S5-B3,4.0,P8,slice,S5,theta,2.098291805771798e-11,9.375,O2
8.0,S5-B3,5.0,P8,post,S5,theta,9.705466200857107e-11,9.375,P4
8.0,S5-B3,5.0,P8,pre,S5,theta,5.355785040037192e-11,9.375,P4
8.0,S5-B3,5.0,P8,slice,S5,theta,2.705039263870113e-11,9.375,P4
9.0,S5-B3,0.0,P8,post,S5,theta,7.222991501401022e-11,9.375,Pz
9.0,S5-B3,0.0,P8,pre,S5,theta,3.8525885587966707e-10,9.375,Pz
9.0,S5-B3,0.0,P8,slice,S5,theta,2.380645437952951e-11,9.375,Pz
9.0,S5-B3,1.0,P8,post,S5,theta,5.51132027921944e-11,9.375,P3
9.0,S5-B3,1.0,P8,pre,S5,theta,3.182511810362971e-10,9.375,P3
9.0,S5-B3,1.0,P8,slice,S5,theta,1.9166364666610126e-11,9.375,P3
9.0,S5-B3,2.0,P8,post,S5,theta,2.404180212643589e-11,9.375,O1
9.0,S5-B3,2.0,P8,pre,S5,theta,1.290104444693628e-10,9.375,O1
9.0,S5-B3,2.0,P8,slice,S5,theta,1.5381740747497137e-11,9.375,O1
9.0,S5-B3,3.0,P8,post,S5,theta,1.8167917149681114e-11,9.375,Oz
9.0,S5-B3,3.0,P8,pre,S5,theta,6.683842991988511e-11,9.375,Oz
9.0,S5-B3,3.0,P8,slice,S5,theta,1.690340632707239e-11,9.375,Oz
9.0,S5-B3,4.0,P8,post,S5,theta,2.6337886435469877e-11,9.375,O2
9.0,S5-B3,4.0,P8,pre,S5,theta,5.983733896189473e-11,9.375,O2
9.0,S5-B3,4.0,P8,slice,S5,theta,2.0941490964538343e-11,9.375,O2
9.0,S5-B3,5.0,P8,post,S5,theta,5.1789254068463625e-11,9.375,P4
9.0,S5-B3,5.0,P8,pre,S5,theta,1.1350490887350218e-10,9.375,P4
9.0,S5-B3,5.0,P8,slice,S5,theta,2.7408653701942705e-11,9.375,P4
10.0,S5-B3,0.0,P8,post,S5,theta,1.0088254892220065e-10,9.375,Pz
10.0,S5-B3,0.0,P8,pre,S5,theta,1.3356271435900146e-10,9.375,Pz
10.0,S5-B3,0.0,P8,slice,S5,theta,2.09812405836913e-11,9.375,Pz
10.0,S5-B3,1.0,P8,post,S5,theta,5.518865745126766e-11,9.375,P3
10.0,S5-B3,1.0,P8,pre,S5,theta,1.0255866972815251e-10,9.375,P3
10.0,S5-B3,1.0,P8,slice,S5,theta,1.690488722150354e-11,9.375,P3
10.0,S5-B3,2.0,P8,post,S5,theta,3.398155263423923e-11,9.375,O1
10.0,S5-B3,2.0,P8,pre,S5,theta,3.964801596839259e-11,9.375,O1
10.0,S5-B3,2.0,P8,slice,S5,theta,1.4874634231779655e-11,9.375,O1
10.0,S5-B3,3.0,P8,post,S5,theta,6.082334438937222e-11,9.375,Oz
10.0,S5-B3,3.0,P8,pre,S5,theta,2.6587804286078736e-11,9.375,Oz
10.0,S5-B3,3.0,P8,slice,S5,theta,1.6950234377925593e-11,9.375,Oz
10.0,S5-B3,4.0,P8,post,S5,theta,1.0190757386641353e-10,9.375,O2
10.0,S5-B3,4.0,P8,pre,S5,theta,3.818352384162203e-11,9.375,O2
10.0,S5-B3,4.0,P8,slice,S5,theta,2.102270796500697e-11,9.375,O2
10.0,S5-B3,5.0,P8,post,S5,theta,1.4540982227685738e-10,9.375,P4
10.0,S5-B3,5.0,P8,pre,S5,theta,7.725522974998095e-11,9.375,P4
10.0,S5-B3,5.0,P8,slice,S5,theta,2.695348362777077e-11,9.375,P4
11.0,S5-B3,0.0,P8,post,S5,theta,1.7258777538992072e-10,9.375,Pz
11.0,S5-B3,0.0,P8,pre,S5,theta,5.7958320675974904e-11,9.375,Pz
11.0,S5-B3,0.0,P8,slice,S5,theta,2.229915535444029e-11,9.375,Pz
11.0,S5-B3,1.0,P8,post,S5,theta,8.44002373422345e-11,9.375,P3
11.0,S5-B3,1.0,P8,pre,S5,theta,2.9746567233613805e-11,9.375,P3
11.0,S5-B3,1.0,P8,slice,S5,theta,1.728844286979871e-11,9.375,P3
11.0,S5-B3,2.0,P8,post,S5,theta,7.089504111844272e-11,9.375,O1
11.0,S5-B3,2.0,P8,pre,S5,theta,2.30849660942922e-11,9.375,O1
11.0,S5-B3,2.0,P8,slice,S5,theta,1.5071453656385166e-11,9.375,O1
11.0,S5-B3,3.0,P8,post,S5,theta,1.5002836518067667e-10,9.375,Oz
11.0,S5-B3,3.0,P8,pre,S5,theta,4.199205907255214e-11,9.375,Oz
11.0,S5-B3,3.0,P8,slice,S5,theta,1.7914328312970994e-11,9.375,Oz
11.0,S5-B3,4.0,P8,post,S5,theta,2.5859274662706e-10,9.375,O2
11.0,S5-B3,4.0,P8,pre,S5,theta,6.756308821915173e-11,9.375,O2
11.0,S5-B3,4.0,P8,slice,S5,theta,2.303962998588861e-11,9.375,O2
11.0,S5-B3,5.0,P8,post,S5,theta,3.6405910455386285e-10,9.375,P4
11.0,S5-B3,5.0,P8,pre,S5,theta,9.429780744771257e-11,9.375,P4
11.0,S5-B3,5.0,P8,slice,S5,theta,2.995661113176423e-11,9.375,P4
12.0,S5-B3,0.0,P8,post,S5,theta,4.669532966647797e-11,9.375,Pz
12.0,S5-B3,0.0,P8,pre,S5,theta,1.533639454044826e-10,9.375,Pz
12.0,S5-B3,0.0,P8,slice,S5,theta,2.1666968195236515e-11,9.375,Pz
12.0,S5-B3,1.0,P8,post,S5,theta,2.7915622451824822e-11,9.375,P3
12.0,S5-B3,1.0,P8,pre,S5,theta,7.044647882952574e-11,9.375,P3
12.0,S5-B3,1.0,P8,slice,S5,theta,1.6921801084181506e-11,9.375,P3
12.0,S5-B3,2.0,P8,post,S5,theta,3.2905842484239385e-11,9.375,O1
12.0,S5-B3,2.0,P8,pre,S5,theta,8.09938045749538e-11,9.375,O1
12.0,S5-B3,2.0,P8,slice,S5,theta,1.514493196320045e-11,9.375,O1
12.0,S5-B3,3.0,P8,post,S5,theta,5.839742494318566e-11,9.375,Oz
12.0,S5-B3,3.0,P8,pre,S5,theta,1.6874616473422492e-10,9.375,Oz
12.0,S5-B3,3.0,P8,slice,S5,theta,1.8170087217568252e-11,9.375,Oz
12.0,S5-B3,4.0,P8,post,S5,theta,9.028522907662214e-11,9.375,O2
12.0,S5-B3,4.0,P8,pre,S5,theta,2.7947801112296094e-10,9.375,O2
12.0,S5-B3,4.0,P8,slice,S5,theta,2.336480578725139e-11,9.375,O2
12.0,S5-B3,5.0,P8,post,S5,theta,1.1631701611727026e-10,9.375,P4
12.0,S5-B3,5.0,P8,pre,S5,theta,3.794091642918496e-10,9.375,P4
12.0,S5-B3,5.0,P8,slice,S5,theta,3.0150038127425735e-11,9.375,P4
13.0,S5-B3,0.0,P8,post,S5,theta,2.934010985498328e-11,9.375,Pz
13.0,S5-B3,0.0,P8,pre,S5,theta,6.611730577373946e-11,9.375,Pz
13.0,S5-B3,0.0,P8,slice,S5,theta,2.101313366885845e-11,9.375,Pz
13.0,S5-B3,1.0,P8,post,S5,theta,3.0521686064513734e-11,9.375,P3
13.0,S5-B3,1.0,P8,pre,S5,theta,4.081301957869248e-11,9.375,P3
13.0,S5-B3,1.0,P8,slice,S5,theta,1.69139041740937e-11,9.375,P3
13.0,S5-B3,2.0,P8,post,S5,theta,7.526264916501832e-11,9.375,O1
13.0,S5-B3,2.0,P8,pre,S5,theta,6.345669780068521e-11,9.375,O1
13.0,S5-B3,2.0,P8,slice,S5,theta,1.4811601260666947e-11,9.375,O1
13.0,S5-B3,3.0,P8,post,S5,theta,1.0021144960999789e-10,9.375,Oz
13.0,S5-B3,3.0,P8,pre,S5,theta,1.0781748774089315e-10,9.375,Oz
13.0,S5-B3,3.0,P8,slice,S5,theta,1.6898360692831412e-11,9.375,Oz
13.0,S5-B3,4.0,P8,post,S5,theta,1.2126098719705958e-10,9.375,O2
13.0,S5-B3,4.0,P8,pre,S5,theta,1.568962151349512e-10,9.375,O2
13.0,S5-B3,4.0,P8,slice,S5,theta,2.099970209715602e-11,9.375,O2
13.0,S5-B3,5.0,P8,post,S5,theta,1.393686003454097e-10,9.375,P4
13.0,S5-B3,5.0,P8,pre,S5,theta,1.9270390034089669e-10,9.375,P4
13.0,S5-B3,5.0,P8,slice,S5,theta,2.6970841739210836e-11,9.375,P4
14.0,S5-B3,0.0,P8,post,S5,theta,7.348204823487036e-11,9.375,Pz
14.0,S5-B3,0.0,P8,pre,S5,theta,2.3704392329394608e-11,9.375,Pz
14.0,S5-B3,0.0,P8,slice,S5,theta,2.071910715267489e-11,9.375,Pz
14.0,S5-B3,1.0,P8,post,S5,theta,1.295890604817198e-10,9.375,P3
14.0,S5-B3,1.0,P8,pre,S5,theta,1.981480649367875e-11,9.375,P3
14.0,S5-B3,1.0,P8,slice,S5,theta,1.714843733355929e-11,9.375,P3
14.0,S5-B3,2.0,P8,post,S5,theta,3.0462522383179556e-10,9.375,O1
14.0,S5-B3,2.0,P8,pre,S5,theta,3.7266079974275074e-11,9.375,O1
14.0,S5-B3,2.0,P8,slice,S5,theta,1.663835146840694e-11,9.375,O1
14.0,S5-B3,3.0,P8,post,S5,theta,3.6359443659487757e-10,9.375,Oz
14.0,S5-B3,3.0,P8,pre,S5,theta,4.9739365391860785e-11,9.375,Oz
14.0,S5-B3,3.0,P8,slice,S5,theta,1.9250712255163052e-11,9.375,Oz
14.0,S5-B3,4.0,P8,post,S5,theta,3.7860861001482216e-10,9.375,O2
14.0,S5-B3,4.0,P8,pre,S5,theta,6.328312397437072e-11,9.375,O2
14.0,S5-B3,4.0,P8,slice,S5,theta,2.3526680538410182e-11,9.375,O2
14.0,S5-B3,5.0,P8,post,S5,theta,3.512571283710459e-10,9.375,P4
14.0,S5-B3,5.0,P8,pre,S5,theta,8.005283402759736e-11,9.375,P4
14.0,S5-B3,5.0,P8,slice,S5,theta,2.931720367777374e-11,9.375,P4
15.0,S5-B3,0.0,P8,post,S5,theta,1.0356212544609289e-10,9.375,Pz
15.0,S5-B3,0.0,P8,pre,S5,theta,6.370658574902505e-11,9.375,Pz
15.0,S5-B3,0.0,P8,slice,S5,theta,2.1530827275598936e-11,9.375,Pz
15.0,S5-B3,1.0,P8,post,S5,theta,1.3612336706598324e-10,9.375,P3
15.0,S5-B3,1.0,P8,pre,S5,theta,1.1911561278421956e-10,9.375,P3
15.0,S5-B3,1.0,P8,slice,S5,theta,1.8497223273482063e-11,9.375,P3
15.0,S5-B3,2.0,P8,post,S5,theta,1.9135195243631578e-10,9.375,O1
15.0,S5-B3,2.0,P8,pre,S5,theta,2.829555552691172e-10,9.375,O1
15.0,S5-B3,2.0,P8,slice,S5,theta,1.8581149028860328e-11,9.375,O1
15.0,S5-B3,3.0,P8,post,S5,theta,1.88635814486198e-10,9.375,Oz
15.0,S5-B3,3.0,P8,pre,S5,theta,3.3738207353749015e-10,9.375,Oz
15.0,S5-B3,3.0,P8,slice,S5,theta,2.100593884659279e-11,9.375,Oz
15.0,S5-B3,4.0,P8,post,S5,theta,1.5899947176684185e-10,9.375,O2
15.0,S5-B3,4.0,P8,pre,S5,theta,3.530113405900678e-10,9.375,O2
15.0,S5-B3,4.0,P8,slice,S5,theta,2.4723497002605967e-11,9.375,O2
15.0,S5-B3,5.0,P8,post,S5,theta,1.1595200407481955e-10,9.375,P4
15.0,S5-B3,5.0,P8,pre,S5,theta,3.307072260845736e-10,9.375,P4
15.0,S5-B3,5.0,P8,slice,S5,theta,2.97002789056315e-11,9.375,P4
16.0,S5-B3,0.0,P8,post,S5,theta,2.985483608678971e-11,9.375,Pz
16.0,S5-B3,0.0,P8,pre,S5,theta,1.3587892057048555e-10,9.375,Pz
16.0,S5-B3,0.0,P8,slice,S5,theta,2.1245669648348334e-11,9.375,Pz
16.0,S5-B3,1.0,P8,post,S5,theta,2.5445049543418218e-11,9.375,P3
16.0,S5-B3,1.0,P8,pre,S5,theta,1.869464942747943e-10,9.375,P3
16.0,S5-B3,1.0,P8,slice,S5,theta,1.7348696528909417e-11,9.375,P3
16.0,S5-B3,2.0,P8,post,S5,theta,2.6668724947504108e-11,9.375,O1
16.0,S5-B3,2.0,P8,pre,S5,theta,2.655849713893112e-10,9.375,O1
16.0,S5-B3,2.0,P8,slice,S5,theta,1.550867366948554e-11,9.375,O1
16.0,S5-B3,3.0,P8,post,S5,theta,3.0805155781796776e-11,9.375,Oz
16.0,S5-B3,3.0,P8,pre,S5,theta,2.606152626123775e-10,9.375,Oz
16.0,S5-B3,3.0,P8,slice,S5,theta,1.7466849392852357e-11,9.375,Oz
16.0,S5-B3,4.0,P8,post,S5,theta,3.959010053441591e-11,9.375,O2
16.0,S5-B3,4.0,P8,pre,S5,theta,2.2161704230927783e-10,9.375,O2
16.0,S5-B3,4.0,P8,slice,S5,theta,2.1252701428808122e-11,9.375,O2
16.0,S5-B3,5.0,P8,post,S5,theta,5.599928952813596e-11,9.375,P4
16.0,S5-B3,5.0,P8,pre,S5,theta,1.6391305175620127e-10,9.375,P4
16.0,S5-B3,5.0,P8,slice,S5,theta,2.684710836938169e-11,9.375,P4
17.0,S5-B3,0.0,P8,post,S5,theta,2.3072677697714286e-10,9.375,Pz
17.0,S5-B3,0.0,P8,pre,S5,theta,3.9356605463740844e-11,9.375,Pz
17.0,S5-B3,0.0,P8,slice,S5,theta,2.1319610906608555e-11,9.375,Pz
17.0,S5-B3,1.0,P8,post,S5,theta,2.6838555766417385e-10,9.375,P3
17.0,S5-B3,1.0,P8,pre,S5,theta,3.0202690114713167e-11,9.375,P3
17.0,S5-B3,1.0,P8,slice,S5,theta,1.748704022360266e-11,9.375,P3
17.0,S5-B3,2.0,P8,post,S5,theta,2.3776623690351095e-10,9.375,O1
17.0,S5-B3,2.0,P8,pre,S5,theta,2.4289210349410685e-11,9.375,O1
17.0,S5-B3,2.0,P8,slice,S5,theta,1.546456625329181e-11,9.375,O1
17.0,S5-B3,3.0,P8,post,S5,theta,1.8557964311858547e-10,9.375,Oz
17.0,S5-B3,3.0,P8,pre,S5,theta,2.500937886455223e-11,9.375,Oz
17.0,S5-B3,3.0,P8,slice,S5,theta,1.738574681357677e-11,9.375,Oz
17.0,S5-B3,4.0,P8,post,S5,theta,1.3358625981935232e-10,9.375,O2
17.0,S5-B3,4.0,P8,pre,S5,theta,2.952400369415899e-11,9.375,O2
17.0,S5-B3,4.0,P8,slice,S5,theta,2.129648859029238e-11,9.375,O2
17.0,S5-B3,5.0,P8,post,S5,theta,9.840646331793817e-11,9.375,P4
17.0,S5-B3,5.0,P8,pre,S5,theta,4.3305980390106555e-11,9.375,P4
17.0,S5-B3,5.0,P8,slice,S5,theta,2.7093519392017448e-11,9.375,P4
18.0,S5-B3,0.0,P8,post,S5,theta,3.5791491778470724e-10,9.375,Pz
18.0,S5-B3,0.0,P8,pre,S5,theta,1.702698327007327e-10,9.375,Pz
18.0,S5-B3,0.0,P8,slice,S5,theta,2.488590953964043e-11,9.375,Pz
18.0,S5-B3,1.0,P8,post,S5,theta,3.411799632071099e-10,9.375,P3
18.0,S5-B3,1.0,P8,pre,S5,theta,1.9916441256079188e-10,9.375,P3
18.0,S5-B3,1.0,P8,slice,S5,theta,2.1180870874293983e-11,9.375,P3
18.0,S5-B3,2.0,P8,post,S5,theta,2.0084801042234574e-10,9.375,O1
18.0,S5-B3,2.0,P8,pre,S5,theta,1.7651261700894766e-10,9.375,O1
18.0,S5-B3,2.0,P8,slice,S5,theta,1.7695117589294587e-11,9.375,O1
18.0,S5-B3,3.0,P8,post,S5,theta,1.1610461506314251e-10,9.375,Oz
18.0,S5-B3,3.0,P8,pre,S5,theta,1.3872278686532776e-10,9.375,Oz
18.0,S5-B3,3.0,P8,slice,S5,theta,1.8460035694264305e-11,9.375,Oz
18.0,S5-B3,4.0,P8,post,S5,theta,6.169180568714854e-11,9.375,O2
18.0,S5-B3,4.0,P8,pre,S5,theta,1.0374255613337667e-10,9.375,O2
18.0,S5-B3,4.0,P8,slice,S5,theta,2.1385576839507367e-11,9.375,O2
18.0,S5-B3,5.0,P8,post,S5,theta,6.238347649220153e-11,9.375,P4
18.0,S5-B3,5.0,P8,pre,S5,theta,8.201831510679556e-11,9.375,P4
18.0,S5-B3,5.0,P8,slice,S5,theta,2.669246716660357e-11,9.375,P4
19.0,S5-B3,0.0,P8,post,S5,theta,5.818597866009897e-11,9.375,Pz
19.0,S5-B3,0.0,P8,pre,S5,theta,3.9867658687726805e-10,9.375,Pz
19.0,S5-B3,0.0,P8,slice,S5,theta,2.3670727983453167e-11,9.375,Pz
19.0,S5-B3,1.0,P8,post,S5,theta,4.553212507604697e-11,9.375,P3
19.0,S5-B3,1.0,P8,pre,S5,theta,3.780432484557557e-10,9.375,P3
19.0,S5-B3,1.0,P8,slice,S5,theta,1.9375880846864307e-11,9.375,P3
19.0,S5-B3,2.0,P8,post,S5,theta,2.478447735803783e-11,9.375,O1
19.0,S5-B3,2.0,P8,pre,S5,theta,2.1971078333754705e-10,9.375,O1
19.0,S5-B3,2.0,P8,slice,S5,theta,1.594307546272196e-11,9.375,O1
19.0,S5-B3,3.0,P8,post,S5,theta,1.935663192835885e-11,9.375,Oz
19.0,S5-B3,3.0,P8,pre,S5,theta,1.2868663934113787e-10,9.375,Oz
19.0,S5-B3,3.0,P8,slice,S5,theta,1.7279965088386672e-11,9.375,Oz
19.0,S5-B3,4.0,P8,post,S5,theta,2.3391742780349353e-11,9.375,O2
19.0,S5-B3,4.0,P8,pre,S5,theta,7.26883082594102e-11,9.375,O2
19.0,S5-B3,4.0,P8,slice,S5,theta,2.0964991712155714e-11,9.375,O2
19.0,S5-B3,5.0,P8,post,S5,theta,4.2025192269464824e-11,9.375,P4
19.0,S5-B3,5.0,P8,pre,S5,theta,7.529955299824302e-11,9.375,P4
19.0,S5-B3,5.0,P8,slice,S5,theta,2.7041564314305933e-11,9.375,P4
20.0,S5-B3,0.0,P8,post,S5,theta,1.5487602464127828e-10,9.375,Pz
20.0,S5-B3,0.0,P8,pre,S5,theta,1.1172853719248903e-10,9.375,Pz
20.0,S5-B3,0.0,P8,slice,S5,theta,2.091524612270282e-11,9.375,Pz
20.0,S5-B3,1.0,P8,post,S5,theta,1.0476537997633443e-10,9.375,P3
20.0,S5-B3,1.0,P8,pre,S5,theta,9.203062452111942e-11,9.375,P3
20.0,S5-B3,1.0,P8,slice,S5,theta,1.6793855928920658e-11,9.375,P3
20.0,S5-B3,2.0,P8,post,S5,theta,3.760634154871131e-11,9.375,O1
20.0,S5-B3,2.0,P8,pre,S5,theta,4.417416173794357e-11,9.375,O1
20.0,S5-B3,2.0,P8,slice,S5,theta,1.473099256502282e-11,9.375,O1
20.0,S5-B3,3.0,P8,post,S5,theta,4.1760060938608364e-11,9.375,Oz
20.0,S5-B3,3.0,P8,pre,S5,theta,2.7411767509772853e-11,9.375,Oz
20.0,S5-B3,3.0,P8,slice,S5,theta,1.6835711164309544e-11,9.375,Oz
20.0,S5-B3,4.0,P8,post,S5,theta,6.961335722507668e-11,9.375,O2
20.0,S5-B3,4.0,P8,pre,S5,theta,2.7664363774154593e-11,9.375,O2
20.0,S5-B3,4.0,P8,slice,S5,theta,2.0926512008696746e-11,9.375,O2
20.0,S5-B3,5.0,P8,post,S5,theta,1.1046461356844673e-10,9.375,P4
20.0,S5-B3,5.0,P8,pre,S5,theta,5.2805403844396825e-11,9.375,P4
20.0,S5-B3,5.0,P8,slice,S5,theta,2.6857005322228183e-11,9.375,P4
21.0,S5-B3,0.0,P8,post,S5,theta,2.6765885586894853e-10,9.375,Pz
21.0,S5-B3,0.0,P8,pre,S5,theta,8.948287475816643e-11,9.375,Pz
21.0,S5-B3,0.0,P8,slice,S5,theta,2.3130524713761272e-11,9.375,Pz
21.0,S5-B3,1.0,P8,post,S5,theta,1.588770848682199e-10,9.375,P3
21.0,S5-B3,1.0,P8,pre,S5,theta,5.669927711129204e-11,9.375,P3
21.0,S5-B3,1.0,P8,slice,S5,theta,1.7960509679593334e-11,9.375,P3
21.0,S5-B3,2.0,P8,post,S5,theta,4.354652579978893e-11,9.375,O1
21.0,S5-B3,2.0,P8,pre,S5,theta,2.1373391948931743e-11,9.375,O1
21.0,S5-B3,2.0,P8,slice,S5,theta,1.4514988961980161e-11,9.375,O1
21.0,S5-B3,3.0,P8,post,S5,theta,7.450023399425725e-11,9.375,Oz
21.0,S5-B3,3.0,P8,pre,S5,theta,2.8651545042039044e-11,9.375,Oz
21.0,S5-B3,3.0,P8,slice,S5,theta,1.679544023524025e-11,9.375,Oz
21.0,S5-B3,4.0,P8,post,S5,theta,1.6037495681028695e-10,9.375,O2
21.0,S5-B3,4.0,P8,pre,S5,theta,4.9213872413386984e-11,9.375,O2
21.0,S5-B3,4.0,P8,slice,S5,theta,2.156920004731903e-11,9.375,O2
21.0,S5-B3,5.0,P8,post,S5,theta,2.754508379048349e-10,9.375,P4
21.0,S5-B3,5.0,P8,pre,S5,theta,7.655848507638053e-11,9.375,P4
21.0,S5-B3,5.0,P8,slice,S5,theta,2.8402781845557447e-11,9.375,P4
22.0,S5-B3,0.0,P8,post,S5,theta,6.222310196249797e-11,9.375,Pz
22.0,S5-B3,0.0,P8,pre,S5,theta,2.5880969012179477e-10,9.375,Pz
22.0,S5-B3,0.0,P8,slice,S5,theta,2.3608410451960642e-11,9.375,Pz
22.0,S5-B3,1.0,P8,post,S5,theta,3.8533485475397e-11,9.375,P3
22.0,S5-B3,1.0,P8,pre,S5,theta,1.4841309085662925e-10,9.375,P3
22.0,S5-B3,1.0,P8,slice,S5,theta,1.8393355126591687e-11,9.375,P3
22.0,S5-B3,2.0,P8,post,S5,theta,1.645509455645575e-11,9.375,O1
22.0,S5-B3,2.0,P8,pre,S5,theta,4.763185007212689e-11,9.375,O1
22.0,S5-B3,2.0,P8,slice,S5,theta,1.5348420254875546e-11,9.375,O1
22.0,S5-B3,3.0,P8,post,S5,theta,2.7665748782041464e-11,9.375,Oz
22.0,S5-B3,3.0,P8,pre,S5,theta,8.932631781931061e-11,9.375,Oz
22.0,S5-B3,3.0,P8,slice,S5,theta,1.794093140434998e-11,9.375,Oz
22.0,S5-B3,4.0,P8,post,S5,theta,5.37716265957628e-11,9.375,O2
22.0,S5-B3,4.0,P8,pre,S5,theta,1.8127322473167735e-10,9.375,O2
22.0,S5-B3,4.0,P8,slice,S5,theta,2.3130461636143537e-11,9.375,O2
22.0,S5-B3,5.0,P8,post,S5,theta,8.683038409167895e-11,9.375,P4
22.0,S5-B3,5.0,P8,pre,S5,theta,2.969826144726549e-10,9.375,P4
22.0,S5-B3,5.0,P8,slice,S5,theta,3.0429059669969494e-11,9.375,P4
23.0,S5-B3,0.0,P8,post,S5,theta,3.716523906645346e-11,9.375,Pz
23.0,S5-B3,0.0,P8,pre,S5,theta,9.640366462117276e-11,9.375,Pz
23.0,S5-B3,0.0,P8,slice,S5,theta,2.088184380664465e-11,9.375,Pz
23.0,S5-B3,1.0,P8,post,S5,theta,2.537253503824356e-11,9.375,P3
23.0,S5-B3,1.0,P8,pre,S5,theta,5.7805640389508515e-11,9.375,P3
23.0,S5-B3,1.0,P8,slice,S5,theta,1.6841056296396494e-11,9.375,P3
23.0,S5-B3,2.0,P8,post,S5,theta,6.718603323278748e-11,9.375,O1
23.0,S5-B3,2.0,P8,pre,S5,theta,3.1018802301136116e-11,9.375,O1
23.0,S5-B3,2.0,P8,slice,S5,theta,1.4752367049251313e-11,9.375,O1
23.0,S5-B3,3.0,P8,post,S5,theta,1.009281341896948e-10,9.375,Oz
23.0,S5-B3,3.0,P8,pre,S5,theta,5.5731699287856937e-11,9.375,Oz
23.0,S5-B3,3.0,P8,slice,S5,theta,1.6776673952156234e-11,9.375,Oz
23.0,S5-B3,4.0,P8,post,S5,theta,1.3114994854746763e-10,9.375,O2
23.0,S5-B3,4.0,P8,pre,S5,theta,1.0074252065159369e-10,9.375,O2
23.0,S5-B3,4.0,P8,slice,S5,theta,2.080133573192133e-11,9.375,O2
23.0,S5-B3,5.0,P8,post,S5,theta,1.56165182429303e-10,9.375,P4
23.0,S5-B3,5.0,P8,pre,S5,theta,1.514051611962161e-10,9.375,P4
23.0,S5-B3,5.0,P8,slice,S5,theta,2.6705324560622516e-11,9.375,P4
24.0,S5-B3,0.0,P8,post,S5,theta,6.046511950897976e-11,9.375,Pz
24.0,S5-B3,0.0,P8,pre,S5,theta,2.6387154916890157e-11,9.375,Pz
24.0,S5-B3,0.0,P8,slice,S5,theta,2.1083963005025862e-11,9.375,Pz
24.0,S5-B3,1.0,P8,post,S5,theta,7.112466385918727e-11,9.375,P3
24.0,S5-B3,1.0,P8,pre,S5,theta,1.7788409620832822e-11,9.375,P3
24.0,S5-B3,1.0,P8,slice,S5,theta,1.7044070936684637e-11,9.375,P3
24.0,S5-B3,2.0,P8,post,S5,theta,2.336108030742219e-10,9.375,O1
24.0,S5-B3,2.0,P8,pre,S5,theta,3.968560291397913e-11,9.375,O1
24.0,S5-B3,2.0,P8,slice,S5,theta,1.640751104385792e-11,9.375,O1
24.0,S5-B3,3.0,P8,post,S5,theta,3.2948045051503457e-10,9.375,Oz
24.0,S5-B3,3.0,P8,pre,S5,theta,5.796386549358557e-11,9.375,Oz
24.0,S5-B3,3.0,P8,slice,S5,theta,1.932004951883537e-11,9.375,Oz
24.0,S5-B3,4.0,P8,post,S5,theta,3.9509267505610963e-10,9.375,O2
24.0,S5-B3,4.0,P8,pre,S5,theta,7.656837648413461e-11,9.375,O2
24.0,S5-B3,4.0,P8,slice,S5,theta,2.399182536654982e-11,9.375,O2
24.0,S5-B3,5.0,P8,post,S5,theta,4.145666562690479e-10,9.375,P4
24.0,S5-B3,5.0,P8,pre,S5,theta,9.548534203997424e-11,9.375,P4
24.0,S5-B3,5.0,P8,slice,S5,theta,3.019062270563967e-11,9.375,P4
25.0,S5-B3,0.0,P8,post,S5,theta,5.3562695162274165e-11,9.375,Pz
25.0,S5-B3,0.0,P8,pre,S5,theta,5.069431572230017e-11,9.375,Pz
25.0,S5-B3,0.0,P8,slice,S5,theta,2.112783373965765e-11,9.375,Pz
25.0,S5-B3,1.0,P8,post,S5,theta,7.03680136057333e-11,9.375,P3
25.0,S5-B3,1.0,P8,pre,S5,theta,6.720171725818482e-11,9.375,P3
25.0,S5-B3,1.0,P8,slice,S5,theta,1.7577356006978452e-11,9.375,P3
25.0,S5-B3,2.0,P8,post,S5,theta,1.3187094619414973e-10,9.375,O1
25.0,S5-B3,2.0,P8,pre,S5,theta,2.31490958271142e-10,9.375,O1
25.0,S5-B3,2.0,P8,slice,S5,theta,1.7712503188183512e-11,9.375,O1
25.0,S5-B3,3.0,P8,post,S5,theta,1.5393009982894312e-10,9.375,Oz
25.0,S5-B3,3.0,P8,pre,S5,theta,3.1988897393112187e-10,9.375,Oz
25.0,S5-B3,3.0,P8,slice,S5,theta,2.0733829803499975e-11,9.375,Oz
25.0,S5-B3,4.0,P8,post,S5,theta,1.5630818693723854e-10,9.375,O2
25.0,S5-B3,4.0,P8,pre,S5,theta,3.7867121156470876e-10,9.375,O2
25.0,S5-B3,4.0,P8,slice,S5,theta,2.5200062864962657e-11,9.375,O2
25.0,S5-B3,5.0,P8,post,S5,theta,1.3702856748400868e-10,9.375,P4
25.0,S5-B3,5.0,P8,pre,S5,theta,3.969175640988011e-10,9.375,P4
25.0,S5-B3,5.0,P8,slice,S5,theta,3.083878517615894e-11,9.375,P4
26.0,S5-B3,0.0,P8,post,S5,theta,2.8378403316457097e-11,9.375,Pz
26.0,S5-B3,0.0,P8,pre,S5,theta,7.556292795174464e-11,9.375,Pz
26.0,S5-B3,0.0,P8,slice,S5,theta,2.1535523794851872e-11,9.375,Pz
26.0,S5-B3,1.0,P8,post,S5,theta,2.9680380140244687e-11,9.375,P3
26.0,S5-B3,1.0,P8,pre,S5,theta,1.0719314565374964e-10,9.375,P3
26.0,S5-B3,1.0,P8,slice,S5,theta,1.7402713280674817e-11,9.375,P3
26.0,S5-B3,2.0,P8,post,S5,theta,4.326049523461867e-11,9.375,O1
26.0,S5-B3,2.0,P8,pre,S5,theta,2.0620648875119623e-10,9.375,O1
26.0,S5-B3,2.0,P8,slice,S5,theta,1.5451246108078182e-11,9.375,O1
26.0,S5-B3,3.0,P8,post,S5,theta,5.119573588430764e-11,9.375,Oz
26.0,S5-B3,3.0,P8,pre,S5,theta,2.3755911406015164e-10,9.375,Oz
26.0,S5-B3,3.0,P8,slice,S5,theta,1.762139516626324e-11,9.375,Oz
26.0,S5-B3,4.0,P8,post,S5,theta,6.140737365626163e-11,9.375,O2
26.0,S5-B3,4.0,P8,pre,S5,theta,2.3724197498473785e-10,9.375,O2
26.0,S5-B3,4.0,P8,slice,S5,theta,2.1743096299922217e-11,9.375,O2
26.0,S5-B3,5.0,P8,post,S5,theta,7.66089224538557e-11,9.375,P4
26.0,S5-B3,5.0,P8,pre,S5,theta,2.052558503426503e-10,9.375,P4
26.0,S5-B3,5.0,P8,slice,S5,theta,2.767273722140318e-11,9.375,P4
27.0,S5-B3,0.0,P8,post,S5,theta,1.8796070490815928e-10,9.375,Pz
27.0,S5-B3,0.0,P8,pre,S5,theta,2.7825355771018128e-11,9.375,Pz
27.0,S5-B3,0.0,P8,slice,S5,theta,2.129495121607279e-11,9.375,Pz
27.0,S5-B3,1.0,P8,post,S5,theta,2.5705449904634016e-10,9.375,P3
27.0,S5-B3,1.0,P8,pre,S5,theta,2.087051585636301e-11,9.375,P3
27.0,S5-B3,1.0,P8,slice,S5,theta,1.7708471481475367e-11,9.375,P3
27.0,S5-B3,2.0,P8,post,S5,theta,3.0850316794941546e-10,9.375,O1
27.0,S5-B3,2.0,P8,pre,S5,theta,2.104077557381866e-11,9.375,O1
27.0,S5-B3,2.0,P8,slice,S5,theta,1.6120122136745735e-11,9.375,O1
27.0,S5-B3,3.0,P8,post,S5,theta,2.77109015171384e-10,9.375,Oz
27.0,S5-B3,3.0,P8,pre,S5,theta,2.5561494939050538e-11,9.375,Oz
27.0,S5-B3,3.0,P8,slice,S5,theta,1.812690898890295e-11,9.375,Oz
27.0,S5-B3,4.0,P8,post,S5,theta,2.2302035932829633e-10,9.375,O2
27.0,S5-B3,4.0,P8,pre,S5,theta,3.4030166343159525e-11,9.375,O2
27.0,S5-B3,4.0,P8,slice,S5,theta,2.199698748563131e-11,9.375,O2
27.0,S5-B3,5.0,P8,post,S5,theta,1.6710068389370952e-10,9.375,P4
27.0,S5-B3,5.0,P8,pre,S5,theta,4.9273274216720007e-11,9.375,P4
27.0,S5-B3,5.0,P8,slice,S5,theta,2.7699364167256808e-11,9.375,P4
28.0,S5-B3,0.0,P8,post,S5,theta,2.7254581901450115e-10,9.375,Pz
28.0,S5-B3,0.0,P8,pre,S5,theta,1.47056574682647e-10,9.375,Pz
28.0,S5-B3,0.0,P8,slice,S5,theta,2.4170280099166424e-11,9.375,Pz
28.0,S5-B3,1.0,P8,post,S5,theta,2.9131905446097795e-10,9.375,P3
28.0,S5-B3,1.0,P8,pre,S5,theta,2.0453235482891918e-10,9.375,P3
28.0,S5-B3,1.0,P8,slice,S5,theta,2.1023338137158343e-11,9.375,P3
28.0,S5-B3,2.0,P8,post,S5,theta,2.328599983232875e-10,9.375,O1
28.0,S5-B3,2.0,P8,pre,S5,theta,2.450730095672013e-10,9.375,O1
28.0,S5-B3,2.0,P8,slice,S5,theta,1.8841628724485405e-11,9.375,O1
28.0,S5-B3,3.0,P8,post,S5,theta,1.6357803324721354e-10,9.375,Oz
28.0,S5-B3,3.0,P8,pre,S5,theta,2.2208905201689217e-10,9.375,Oz
28.0,S5-B3,3.0,P8,slice,S5,theta,1.991900624704281e-11,9.375,Oz
28.0,S5-B3,4.0,P8,post,S5,theta,9.626157862227525e-11,9.375,O2
28.0,S5-B3,4.0,P8,pre,S5,theta,1.8281267184190426e-10,9.375,O2
28.0,S5-B3,4.0,P8,slice,S5,theta,2.2745312453616585e-11,9.375,O2
28.0,S5-B3,5.0,P8,post,S5,theta,6.02313234614878e-11,9.375,P4
28.0,S5-B3,5.0,P8,pre,S5,theta,1.4196049096040372e-10,9.375,P4
28.0,S5-B3,5.0,P8,slice,S5,theta,2.7606414389515127e-11,9.375,P4
29.0,S5-B3,0.0,P8,post,S5,theta,4.4164123068625386e-11,9.375,Pz
29.0,S5-B3,0.0,P8,pre,S5,theta,3.236362515822565e-10,9.375,Pz
29.0,S5-B3,0.0,P8,slice,S5,theta,2.287743674788421e-11,9.375,Pz
29.0,S5-B3,1.0,P8,post,S5,theta,3.3778913563295726e-11,9.375,P3
29.0,S5-B3,1.0,P8,pre,S5,theta,3.4959859615061253e-10,9.375,P3
29.0,S5-B3,1.0,P8,slice,S5,theta,1.8837432917533713e-11,9.375,P3
29.0,S5-B3,2.0,P8,post,S5,theta,2.108468861712184e-11,9.375,O1
29.0,S5-B3,2.0,P8,pre,S5,theta,2.7851702740747766e-10,9.375,O1
29.0,S5-B3,2.0,P8,slice,S5,theta,1.6132611566796148e-11,9.375,O1
29.0,S5-B3,3.0,P8,post,S5,theta,1.9297462719696737e-11,9.375,Oz
29.0,S5-B3,3.0,P8,pre,S5,theta,1.981408637771199e-10,9.375,Oz
29.0,S5-B3,3.0,P8,slice,S5,theta,1.7607227093741432e-11,9.375,Oz
29.0,S5-B3,4.0,P8,post,S5,theta,2.412677624016553e-11,9.375,O2
29.0,S5-B3,4.0,P8,pre,S5,theta,1.2136406500733375e-10,9.375,O2
29.0,S5-B3,4.0,P8,slice,S5,theta,2.114645505397402e-11,9.375,O2
29.0,S5-B3,5.0,P8,post,S5,theta,4.0410212895218614e-11,9.375,P4
29.0,S5-B3,5.0,P8,pre,S5,theta,7.89542379895778e-11,9.375,P4
29.0,S5-B3,5.0,P8,slice,S5,theta,2.6901231771797887e-11,9.375,P4
30.0,S5-B3,0.0,P8,post,S5,theta,2.09754642787267e-10,9.375,Pz
30.0,S5-B3,0.0,P8,pre,S5,theta,8.834534049026328e-11,9.375,Pz
30.0,S5-B3,0.0,P8,slice,S5,theta,2.1192779160297665e-11,9.375,Pz
30.0,S5-B3,1.0,P8,post,S5,theta,1.7367559114038274e-10,9.375,P3
30.0,S5-B3,1.0,P8,pre,S5,theta,7.492161820078035e-11,9.375,P3
30.0,S5-B3,1.0,P8,slice,S5,theta,1.7035612928115602e-11,9.375,P3
30.0,S5-B3,2.0,P8,post,S5,theta,7.728383408353588e-11,9.375,O1
30.0,S5-B3,2.0,P8,pre,S5,theta,4.489224190313683e-11,9.375,O1
30.0,S5-B3,2.0,P8,slice,S5,theta,1.4824278095301567e-11,9.375,O1
30.0,S5-B3,3.0,P8,post,S5,theta,5.192147225877028e-11,9.375,Oz
30.0,S5-B3,3.0,P8,pre,S5,theta,3.1264532291222864e-11,9.375,Oz
30.0,S5-B3,3.0,P8,slice,S5,theta,1.6889349434281788e-11,9.375,Oz
30.0,S5-B3,4.0,P8,post,S5,theta,5.370937536594837e-11,9.375,O2
30.0,S5-B3,4.0,P8,pre,S5,theta,2.7407212550597858e-11,9.375,O2
30.0,S5-B3,4.0,P8,slice,S5,theta,2.1003240496677976e-11,9.375,O2
30.0,S5-B3,5.0,P8,post,S5,theta,7.881209290334474e-11,9.375,P4
30.0,S5-B3,5.0,P8,pre,S5,theta,4.351256810269801e-11,9.375,P4
30.0,S5-B3,5.0,P8,slice,S5,theta,2.6986848821133646e-11,9.375,P4
31.0,S5-B3,0.0,P8,post,S5,theta,3.40262115332326e-10,9.375,Pz
31.0,S5-B3,0.0,P8,pre,S5,theta,1.3302921115673232e-10,9.375,Pz
31.0,S5-B3,0.0,P8,slice,S5,theta,2.4518586633974558e-11,9.375,Pz
31.0,S5-B3,1.0,P8,post,S5,theta,2.437588444413514e-10,9.375,P3
31.0,S5-B3,1.0,P8,pre,S5,theta,1.0625284580104571e-10,9.375,P3
31.0,S5-B3,1.0,P8,slice,S5,theta,1.9477048597398206e-11,9.375,P3
31.0,S5-B3,2.0,P8,post,S5,theta,6.836666512093304e-11,9.375,O1
31.0,S5-B3,2.0,P8,pre,S5,theta,4.455780235456037e-11,9.375,O1
31.0,S5-B3,2.0,P8,slice,S5,theta,1.5223189721339528e-11,9.375,O1
31.0,S5-B3,3.0,P8,post,S5,theta,4.485140207765556e-11,9.375,Oz
31.0,S5-B3,3.0,P8,pre,S5,theta,3.255099134324286e-11,9.375,Oz
31.0,S5-B3,3.0,P8,slice,S5,theta,1.682854387204521e-11,9.375,Oz
31.0,S5-B3,4.0,P8,post,S5,theta,8.387821314806862e-11,9.375,O2
31.0,S5-B3,4.0,P8,pre,S5,theta,3.865971956535418e-11,9.375,O2
31.0,S5-B3,4.0,P8,slice,S5,theta,2.108538279064804e-11,9.375,O2
31.0,S5-B3,5.0,P8,post,S5,theta,1.7640271195355112e-10,9.375,P4
31.0,S5-B3,5.0,P8,pre,S5,theta,5.88754631100856e-11,9.375,P4
31.0,S5-B3,5.0,P8,slice,S5,theta,2.773862296189336e-11,9.375,P4
32.0,S5-B3,0.0,P8,post,S5,theta,7.505977099895783e-11,9.375,Pz
32.0,S5-B3,0.0,P8,pre,S5,theta,3.4360527873943954e-10,9.375,Pz
32.0,S5-B3,0.0,P8,slice,S5,theta,2.350779527434503e-11,9.375,Pz
32.0,S5-B3,1.0,P8,post,S5,theta,5.2398458514817286e-11,9.375,P3
32.0,S5-B3,1.0,P8,pre,S5,theta,2.4083001030480616e-10,9.375,P3
32.0,S5-B3,1.0,P8,slice,S5,theta,1.8540626401719134e-11,9.375,P3
32.0,S5-B3,2.0,P8,post,S5,theta,1.8785421652224795e-11,9.375,O1
32.0,S5-B3,2.0,P8,pre,S5,theta,6.643416543032952e-11,9.375,O1
32.0,S5-B3,2.0,P8,slice,S5,theta,1.4890221677400116e-11,9.375,O1
32.0,S5-B3,3.0,P8,post,S5,theta,1.903133073137903e-11,9.375,Oz
32.0,S5-B3,3.0,P8,pre,S5,theta,5.206104526169798e-11,9.375,Oz
32.0,S5-B3,3.0,P8,slice,S5,theta,1.6787088461524625e-11,9.375,Oz
32.0,S5-B3,4.0,P8,post,S5,theta,3.64689920501899e-11,9.375,O2
32.0,S5-B3,4.0,P8,pre,S5,theta,9.993739328778806e-11,9.375,O2
32.0,S5-B3,4.0,P8,slice,S5,theta,2.132586305568828e-11,9.375,O2
32.0,S5-B3,5.0,P8,post,S5,theta,6.882250539770821e-11,9.375,P4
32.0,S5-B3,5.0,P8,pre,S5,theta,1.9719996621694556e-10,9.375,P4
32.0,S5-B3,5.0,P8,slice,S5,theta,2.8219125019567597e-11,9.375,P4
33.0,S5-B3,0.0,P8,post,S5,theta,5.787926198930983e-11,9.375,Pz
33.0,S5-B3,0.0,P8,pre,S5,theta,1.2331509492076803e-10,9.375,Pz
33.0,S5-B3,0.0,P8,slice,S5,theta,2.1161317613263808e-11,9.375,Pz
33.0,S5-B3,1.0,P8,post,S5,theta,2.8893110337721147e-11,9.375,P3
33.0,S5-B3,1.0,P8,pre,S5,theta,8.409261816166413e-11,9.375,P3
33.0,S5-B3,1.0,P8,slice,S5,theta,1.7076154019396455e-11,9.375,P3
33.0,S5-B3,2.0,P8,post,S5,theta,4.765283901706449e-11,9.375,O1
33.0,S5-B3,2.0,P8,pre,S5,theta,2.735955287241311e-11,9.375,O1
33.0,S5-B3,2.0,P8,slice,S5,theta,1.4990367745939615e-11,9.375,O1
33.0,S5-B3,3.0,P8,post,S5,theta,8.279425851827691e-11,9.375,Oz
33.0,S5-B3,3.0,P8,pre,S5,theta,3.0325183633464935e-11,9.375,Oz
33.0,S5-B3,3.0,P8,slice,S5,theta,1.7050577380373746e-11,9.375,Oz
33.0,S5-B3,4.0,P8,post,S5,theta,1.2186356966826716e-10,9.375,O2
33.0,S5-B3,4.0,P8,pre,S5,theta,6.059716659227483e-11,9.375,O2
33.0,S5-B3,4.0,P8,slice,S5,theta,2.113073380027392e-11,9.375,O2
33.0,S5-B3,5.0,P8,post,S5,theta,1.5688031777961395e-10,9.375,P4
33.0,S5-B3,5.0,P8,pre,S5,theta,1.1128243496916045e-10,9.375,P4
33.0,S5-B3,5.0,P8,slice,S5,theta,2.710802057293789e-11,9.375,P4
34.0,S5-B3,0.0,P8,post,S5,theta,9.704526674638947e-11,9.375,Pz
34.0,S5-B3,0.0,P8,pre,S5,theta,3.5129904639857286e-11,9.375,Pz
34.0,S5-B3,0.0,P8,slice,S5,theta,2.0957544562915692e-11,9.375,Pz
34.0,S5-B3,1.0,P8,post,S5,theta,5.262078585663942e-11,9.375,P3
34.0,S5-B3,1.0,P8,pre,S5,theta,1.812619524152397e-11,9.375,P3
34.0,S5-B3,1.0,P8,slice,S5,theta,1.652329801820748e-11,9.375,P3
34.0,S5-B3,2.0,P8,post,S5,theta,1.4567573319102278e-10,9.375,O1
34.0,S5-B3,2.0,P8,pre,S5,theta,3.319717900558145e-11,9.375,O1
34.0,S5-B3,2.0,P8,slice,S5,theta,1.537420924379731e-11,9.375,O1
34.0,S5-B3,3.0,P8,post,S5,theta,2.502104287116446e-10,9.375,Oz
34.0,S5-B3,3.0,P8,pre,S5,theta,5.499022867824697e-11,9.375,Oz
34.0,S5-B3,3.0,P8,slice,S5,theta,1.838370859738171e-11,9.375,Oz
34.0,S5-B3,4.0,P8,post,S5,theta,3.52234341529309e-10,9.375,O2
34.0,S5-B3,4.0,P8,pre,S5,theta,7.811321060917341e-11,9.375,O2
34.0,S5-B3,4.0,P8,slice,S5,theta,2.331483804238468e-11,9.375,O2
34.0,S5-B3,5.0,P8,post,S5,theta,4.2235735131964586e-10,9.375,P4
34.0,S5-B3,5.0,P8,pre,S5,theta,1.0003822110107471e-10,9.375,P4
34.0,S5-B3,5.0,P8,slice,S5,theta,2.977563052998097e-11,9.375,P4
35.0,S5-B3,0.0,P8,post,S5,theta,3.727199199896678e-11,9.375,Pz
35.0,S5-B3,0.0,P8,pre,S5,theta,8.23367610107599e-11,9.375,Pz
35.0,S5-B3,0.0,P8,slice,S5,theta,2.0907166086704074e-11,9.375,Pz
35.0,S5-B3,1.0,P8,post,S5,theta,3.259853641480437e-11,9.375,P3
35.0,S5-B3,1.0,P8,pre,S5,theta,4.669721581455306e-11,9.375,P3
35.0,S5-B3,1.0,P8,slice,S5,theta,1.673397654151246e-11,9.375,P3
35.0,S5-B3,2.0,P8,post,S5,theta,7.156423130536313e-11,9.375,O1
35.0,S5-B3,2.0,P8,pre,S5,theta,1.5659288210787577e-10,9.375,O1
35.0,S5-B3,2.0,P8,slice,S5,theta,1.6126747109989366e-11,9.375,O1
35.0,S5-B3,3.0,P8,post,S5,theta,1.0276449768947876e-10,9.375,Oz
35.0,S5-B3,3.0,P8,pre,S5,theta,2.6239529689992057e-10,9.375,Oz
35.0,S5-B3,3.0,P8,slice,S5,theta,1.9307556661392525e-11,9.375,Oz
35.0,S5-B3,4.0,P8,post,S5,theta,1.2676515593812998e-10,9.375,O2
35.0,S5-B3,4.0,P8,pre,S5,theta,3.5952435168890274e-10,9.375,O2
35.0,S5-B3,4.0,P8,slice,S5,theta,2.4255765060202777e-11,9.375,O2
35.0,S5-B3,5.0,P8,post,S5,theta,1.345709436351836e-10,9.375,P4
35.0,S5-B3,5.0,P8,pre,S5,theta,4.2227327878593684e-10,9.375,P4
35.0,S5-B3,5.0,P8,slice,S5,theta,3.045675225163261e-11,9.375,P4
36.0,S5-B3,0.0,P8,post,S5,theta,2.8482880684787516e-11,9.375,Pz
36.0,S5-B3,0.0,P8,pre,S5,theta,5.283853165591633e-11,9.375,Pz
36.0,S5-B3,0.0,P8,slice,S5,theta,2.1021745177173872e-11,9.375,Pz
36.0,S5-B3,1.0,P8,post,S5,theta,3.2873590957982854e-11,9.375,P3
36.0,S5-B3,1.0,P8,pre,S5,theta,5.3259800173034435e-11,9.375,P3
36.0,S5-B3,1.0,P8,slice,S5,theta,1.6911682343988e-11,9.375,P3
36.0,S5-B3,2.0,P8,post,S5,theta,6.261765434471664e-11,9.375,O1
36.0,S5-B3,2.0,P8,pre,S5,theta,1.2477621584782156e-10,9.375,O1
36.0,S5-B3,2.0,P8,slice,S5,theta,1.485710462953233e-11,9.375,O1
36.0,S5-B3,3.0,P8,post,S5,theta,7.70170729585617e-11,9.375,Oz
36.0,S5-B3,3.0,P8,pre,S5,theta,1.730782459725049e-10,9.375,Oz
36.0,S5-B3,3.0,P8,slice,S5,theta,1.6986374072558802e-11,9.375,Oz
36.0,S5-B3,4.0,P8,post,S5,theta,9.063704844973255e-11,9.375,O2
36.0,S5-B3,4.0,P8,pre,S5,theta,2.0610750434714486e-10,9.375,O2
36.0,S5-B3,4.0,P8,slice,S5,theta,2.1131631563583248e-11,9.375,O2
36.0,S5-B3,5.0,P8,post,S5,theta,1.056843792217019e-10,9.375,P4
36.0,S5-B3,5.0,P8,pre,S5,theta,2.1117711748382854e-10,9.375,P4
36.0,S5-B3,5.0,P8,slice,S5,theta,2.7096243027648588e-11,9.375,P4
37.0,S5-B3,0.0,P8,post,S5,theta,1.3048510669545384e-10,9.375,Pz
37.0,S5-B3,0.0,P8,pre,S5,theta,2.4107280915897586e-11,9.375,Pz
37.0,S5-B3,0.0,P8,slice,S5,theta,2.10514643527221e-11,9.375,Pz
37.0,S5-B3,1.0,P8,post,S5,theta,2.1005618195256432e-10,9.375,P3
37.0,S5-B3,1.0,P8,pre,S5,theta,1.9479910843033558e-11,9.375,P3
37.0,S5-B3,1.0,P8,slice,S5,theta,1.7603606351704152e-11,9.375,P3
37.0,S5-B3,2.0,P8,post,S5,theta,3.4387424745547165e-10,9.375,O1
37.0,S5-B3,2.0,P8,pre,S5,theta,2.7093817923903992e-11,9.375,O1
37.0,S5-B3,2.0,P8,slice,S5,theta,1.663377992346036e-11,9.375,O1
37.0,S5-B3,3.0,P8,post,S5,theta,3.543090487963494e-10,9.375,Oz
37.0,S5-B3,3.0,P8,pre,S5,theta,3.487570388859266e-11,9.375,Oz
37.0,S5-B3,3.0,P8,slice,S5,theta,1.8868626390715254e-11,9.375,Oz
37.0,S5-B3,4.0,P8,post,S5,theta,3.2348120153832906e-10,9.375,O2
37.0,S5-B3,4.0,P8,pre,S5,theta,4.569041961062977e-11,9.375,O2
37.0,S5-B3,4.0,P8,slice,S5,theta,2.2853112782045823e-11,9.375,O2
37.0,S5-B3,5.0,P8,post,S5,theta,2.6716825958610516e-10,9.375,P4
37.0,S5-B3,5.0,P8,pre,S5,theta,6.181494142093622e-11,9.375,P4
37.0,S5-B3,5.0,P8,slice,S5,theta,2.851873411212578e-11,9.375,P4
38.0,S5-B3,0.0,P8,post,S5,theta,1.861382618320155e-10,9.375,Pz
38.0,S5-B3,0.0,P8,pre,S5,theta,1.0579141050336303e-10,9.375,Pz
38.0,S5-B3,0.0,P8,slice,S5,theta,2.2836307560168077e-11,9.375,Pz
38.0,S5-B3,1.0,P8,post,S5,theta,2.2330659905826896e-10,9.375,P3
38.0,S5-B3,1.0,P8,pre,S5,theta,1.7669524309671493e-10,9.375,P3
38.0,S5-B3,1.0,P8,slice,S5,theta,2.0030501087197993e-11,9.375,P3
38.0,S5-B3,2.0,P8,post,S5,theta,2.365797298423019e-10,9.375,O1
38.0,S5-B3,2.0,P8,pre,S5,theta,2.921162332325992e-10,9.375,O1
38.0,S5-B3,2.0,P8,slice,S5,theta,1.9219290168444048e-11,9.375,O1
38.0,S5-B3,3.0,P8,post,S5,theta,1.9726184583758765e-10,9.375,Oz
38.0,S5-B3,3.0,P8,pre,S5,theta,3.032309315551213e-10,9.375,Oz
38.0,S5-B3,3.0,P8,slice,S5,theta,2.083987341520579e-11,9.375,Oz
38.0,S5-B3,4.0,P8,post,S5,theta,1.393756780523705e-10,9.375,O2
38.0,S5-B3,4.0,P8,pre,S5,theta,2.8124183525577496e-10,9.375,O2
38.0,S5-B3,4.0,P8,slice,S5,theta,2.387413961920114e-11,9.375,O2
38.0,S5-B3,5.0,P8,post,S5,theta,8.75835798098978e-11,9.375,P4
38.0,S5-B3,5.0,P8,pre,S5,theta,2.3768760331224385e-10,9.375,P4
38.0,S5-B3,5.0,P8,slice,S5,theta,2.8511051668960096e-11,9.375,P4
39.0,S5-B3,0.0,P8,post,S5,theta,3.381354999909635e-11,9.375,Pz
39.0,S5-B3,0.0,P8,pre,S5,theta,2.32881839894957e-10,9.375,Pz
39.0,S5-B3,0.0,P8,slice,S5,theta,2.2209417440433473e-11,9.375,Pz
39.0,S5-B3,1.0,P8,post,S5,theta,2.5323351480095138e-11,9.375,P3
39.0,S5-B3,1.0,P8,pre,S5,theta,2.848001968077142e-10,9.375,P3
39.0,S5-B3,1.0,P8,slice,S5,theta,1.826403014068098e-11,9.375,P3
39.0,S5-B3,2.0,P8,post,S5,theta,1.9108051793843468e-11,9.375,O1
39.0,S5-B3,2.0,P8,pre,S5,theta,3.012557991245313e-10,9.375,O1
39.0,S5-B3,2.0,P8,slice,S5,theta,1.607701064831059e-11,9.375,O1
39.0,S5-B3,3.0,P8,post,S5,theta,2.088164782145191e-11,9.375,Oz
39.0,S5-B3,3.0,P8,pre,S5,theta,2.520806302038522e-10,9.375,Oz
39.0,S5-B3,3.0,P8,slice,S5,theta,1.7786133389995165e-11,9.375,Oz
39.0,S5-B3,4.0,P8,post,S5,theta,2.798485208035555e-11,9.375,O2
39.0,S5-B3,4.0,P8,pre,S5,theta,1.8083810764339506e-10,9.375,O2
39.0,S5-B3,4.0,P8,slice,S5,theta,2.140854724429016e-11,9.375,O2
39.0,S5-B3,5.0,P8,post,S5,theta,4.409799492671631e-11,9.375,P4
39.0,S5-B3,5.0,P8,pre,S5,theta,1.1564631455224588e-10,9.375,P4
39.0,S5-B3,5.0,P8,slice,S5,theta,2.7031047367156312e-11,9.375,P4
40.0,S5-B3,0.0,P8,post,S5,theta,2.364706154996754e-10,9.375,Pz
40.0,S5-B3,0.0,P8,pre,S5,theta,5.845694424683489e-11,9.375,Pz
40.0,S5-B3,0.0,P8,slice,S5,theta,2.138724650197862e-11,9.375,Pz
40.0,S5-B3,1.0,P8,post,S5,theta,2.3314398347321686e-10,9.375,P3
40.0,S5-B3,1.0,P8,pre,S5,theta,4.8489577357499745e-11,9.375,P3
40.0,S5-B3,1.0,P8,slice,S5,theta,1.7344737623877457e-11,9.375,P3
40.0,S5-B3,2.0,P8,post,S5,theta,1.4844007411729458e-10,9.375,O1
40.0,S5-B3,2.0,P8,pre,S5,theta,3.3163985381935666e-11,9.375,O1
40.0,S5-B3,2.0,P8,slice,S5,theta,1.5083225819507254e-11,9.375,O1
40.0,S5-B3,3.0,P8,post,S5,theta,1.002904417521602e-10,9.375,Oz
40.0,S5-B3,3.0,P8,pre,S5,theta,2.7458058473931292e-11,9.375,Oz
40.0,S5-B3,3.0,P8,slice,S5,theta,1.7066190186316203e-11,9.375,Oz
40.0,S5-B3,4.0,P8,post,S5,theta,7.102381185858052e-11,9.375,O2
40.0,S5-B3,4.0,P8,pre,S5,theta,2.7091154840084993e-11,9.375,O2
40.0,S5-B3,4.0,P8,slice,S5,theta,2.1108910513532006e-11,9.375,O2
40.0,S5-B3,5.0,P8,post,S5,theta,6.819206915894858e-11,9.375,P4
40.0,S5-B3,5.0,P8,pre,S5,theta,3.95955987918141e-11,9.375,P4
40.0,S5-B3,5.0,P8,slice,S5,theta,2.7078002136013594e-11,9.375,P4
41.0,S5-B3,0.0,P8,post,S5,theta,3.690100460705168e-10,9.375,Pz
41.0,S5-B3,0.0,P8,pre,S5,theta,1.6099521790596836e-10,9.375,Pz
41.0,S5-B3,0.0,P8,slice,S5,theta,2.5061545401957948e-11,9.375,Pz
41.0,S5-B3,1.0,P8,post,S5,theta,3.101763466106679e-10,9.375,P3
41.0,S5-B3,1.0,P8,pre,S5,theta,1.5597067151350988e-10,9.375,P3
41.0,S5-B3,1.0,P8,slice,S5,theta,2.056121392278735e-11,9.375,P3
41.0,S5-B3,2.0,P8,post,S5,theta,1.2873742931426765e-10,9.375,O1
41.0,S5-B3,2.0,P8,pre,S5,theta,9.721250403896617e-11,9.375,O1
41.0,S5-B3,2.0,P8,slice,S5,theta,1.6292476150850958e-11,9.375,O1
41.0,S5-B3,3.0,P8,post,S5,theta,6.265465379420078e-11,9.375,Oz
41.0,S5-B3,3.0,P8,pre,S5,theta,6.711456738661559e-11,9.375,Oz
41.0,S5-B3,3.0,P8,slice,S5,theta,1.7361353757286673e-11,9.375,Oz
41.0,S5-B3,4.0,P8,post,S5,theta,4.918642063925953e-11,9.375,O2
41.0,S5-B3,4.0,P8,pre,S5,theta,5.1248856638847726e-11,9.375,O2
41.0,S5-B3,4.0,P8,slice,S5,theta,2.093270608542529e-11,9.375,O2
41.0,S5-B3,5.0,P8,post,S5,theta,9.763605973987634e-11,9.375,P4
41.0,S5-B3,5.0,P8,pre,S5,theta,5.313345921161272e-11,9.375,P4
41.0,S5-B3,5.0,P8,slice,S5,theta,2.6996567650209743e-11,9.375,P4
42.0,S5-B3,0.0,P8,post,S5,theta,7.159646155801224e-11,9.375,Pz
42.0,S5-B3,0.0,P8,pre,S5,theta,3.904935816755171e-10,9.375,Pz
42.0,S5-B3,0.0,P8,slice,S5,theta,2.4095488357884296e-11,9.375,Pz
42.0,S5-B3,1.0,P8,post,S5,theta,5.465964363246508e-11,9.375,P3
42.0,S5-B3,1.0,P8,pre,S5,theta,3.221873714214777e-10,9.375,P3
42.0,S5-B3,1.0,P8,slice,S5,theta,1.9420743789548423e-11,9.375,P3
42.0,S5-B3,2.0,P8,post,S5,theta,2.4386849368627966e-11,9.375,O1
42.0,S5-B3,2.0,P8,pre,S5,theta,1.3015961294400894e-10,9.375,O1
42.0,S5-B3,2.0,P8,slice,S5,theta,1.5611871884622392e-11,9.375,O1
42.0,S5-B3,3.0,P8,post,S5,theta,1.8329225772696263e-11,9.375,Oz
42.0,S5-B3,3.0,P8,pre,S5,theta,6.724376730074568e-11,9.375,Oz
42.0,S5-B3,3.0,P8,slice,S5,theta,1.7129180768933922e-11,9.375,Oz
42.0,S5-B3,4.0,P8,post,S5,theta,2.6211221411111187e-11,9.375,O2
42.0,S5-B3,4.0,P8,pre,S5,theta,6.029246973721805e-11,9.375,O2
42.0,S5-B3,4.0,P8,slice,S5,theta,2.119570083412934e-11,9.375,O2
42.0,S5-B3,5.0,P8,post,S5,theta,5.100857128942111e-11,9.375,P4
42.0,S5-B3,5.0,P8,pre,S5,theta,1.1529667276582014e-10,9.375,P4
42.0,S5-B3,5.0,P8,slice,S5,theta,2.774914508257105e-11,9.375,P4
43.0,S5-B3,0.0,P8,post,S5,theta,1.0342051238656584e-10,9.375,Pz
43.0,S5-B3,0.0,P8,pre,S5,theta,1.3055244846867216e-10,9.375,Pz
43.0,S5-B3,0.0,P8,slice,S5,theta,2.0912018688358274e-11,9.375,Pz
43.0,S5-B3,1.0,P8,post,S5,theta,5.633585712656477e-11,9.375,P3
43.0,S5-B3,1.0,P8,pre,S5,theta,9.995405750598701e-11,9.375,P3
43.0,S5-B3,1.0,P8,slice,S5,theta,1.6857058502028113e-11,9.375,P3
43.0,S5-B3,2.0,P8,post,S5,theta,3.5023805675531243e-11,9.375,O1
43.0,S5-B3,2.0,P8,pre,S5,theta,3.7230915136832186e-11,9.375,O1
43.0,S5-B3,2.0,P8,slice,S5,theta,1.4841820781198836e-11,9.375,O1
43.0,S5-B3,3.0,P8,post,S5,theta,6.241864542400128e-11,9.375,Oz
43.0,S5-B3,3.0,P8,pre,S5,theta,2.4771335652173626e-11,9.375,Oz
43.0,S5-B3,3.0,P8,slice,S5,theta,1.6924035602320676e-11,9.375,Oz
43.0,S5-B3,4.0,P8,post,S5,theta,1.038446003070058e-10,9.375,O2
43.0,S5-B3,4.0,P8,pre,S5,theta,3.7243446449889936e-11,9.375,O2
43.0,S5-B3,4.0,P8,slice,S5,theta,2.0981879170410118e-11,9.375,O2
43.0,S5-B3,5.0,P8,post,S5,theta,1.4834825605666545e-10,9.375,P4
43.0,S5-B3,5.0,P8,pre,S5,theta,7.67064896037319e-11,9.375,P4
43.0,S5-B3,5.0,P8,slice,S5,theta,2.688977794419748e-11,9.375,P4
44.0,S5-B3,0.0,P8,post,S5,theta,1.7177029328289825e-10,9.375,Pz
44.0,S5-B3,0.0,P8,pre,S5,theta,5.86420656446165e-11,9.375,Pz
44.0,S5-B3,0.0,P8,slice,S5,theta,2.2170499644998926e-11,9.375,Pz
44.0,S5-B3,1.0,P8,post,S5,theta,8.333947970541511e-11,9.375,P3
44.0,S5-B3,1.0,P8,pre,S5,theta,2.986766482989605e-11,9.375,P3
44.0,S5-B3,1.0,P8,slice,S5,theta,1.7168270707313334e-11,9.375,P3
44.0,S5-B3,2.0,P8,post,S5,theta,7.07554760797889e-11,9.375,O1
44.0,S5-B3,2.0,P8,pre,S5,theta,2.366148510950514e-11,9.375,O1
44.0,S5-B3,2.0,P8,slice,S5,theta,1.496662356126197e-11,9.375,O1
44.0,S5-B3,3.0,P8,post,S5,theta,1.502334122782288e-10,9.375,Oz
44.0,S5-B3,3.0,P8,pre,S5,theta,4.321946607995922e-11,9.375,Oz
44.0,S5-B3,3.0,P8,slice,S5,theta,1.7792166500802825e-11,9.375,Oz
44.0,S5-B3,4.0,P8,post,S5,theta,2.5902382673613406e-10,9.375,O2
44.0,S5-B3,4.0,P8,pre,S5,theta,6.974947470288383e-11,9.375,O2
44.0,S5-B3,4.0,P8,slice,S5,theta,2.2852957919084723e-11,9.375,O2
44.0,S5-B3,5.0,P8,post,S5,theta,3.637841768641166e-10,9.375,P4
44.0,S5-B3,5.0,P8,pre,S5,theta,9.719700164155232e-11,9.375,P4
44.0,S5-B3,5.0,P8,slice,S5,theta,2.970740480681033e-11,9.375,P4
45.0,S5-B3,0.0,P8,post,S5,theta,4.706036725594728e-11,9.375,Pz
45.0,S5-B3,0.0,P8,pre,S5,theta,1.525598815862e-10,9.375,Pz
45.0,S5-B3,0.0,P8,slice,S5,theta,2.1895469565496315e-11,9.375,Pz
45.0,S5-B3,1.0,P8,post,S5,theta,2.7812949438176093e-11,9.375,P3
45.0,S5-B3,1.0,P8,pre,S5,theta,7.031777755009378e-11,9.375,P3
45.0,S5-B3,1.0,P8,slice,S5,theta,1.7105782494663575e-11,9.375,P3
45.0,S5-B3,2.0,P8,post,S5,theta,3.2163551704822e-11,9.375,O1
45.0,S5-B3,2.0,P8,pre,S5,theta,8.072772788194108e-11,9.375,O1
45.0,S5-B3,2.0,P8,slice,S5,theta,1.5310210091120874e-11,9.375,O1
45.0,S5-B3,3.0,P8,post,S5,theta,5.743205459428659e-11,9.375,Oz
45.0,S5-B3,3.0,P8,pre,S5,theta,1.6658252584448946e-10,9.375,Oz
45.0,S5-B3,3.0,P8,slice,S5,theta,1.836079079016816e-11,9.375,Oz
45.0,S5-B3,4.0,P8,post,S5,theta,8.945100986960365e-11,9.375,O2
45.0,S5-B3,4.0,P8,pre,S5,theta,2.751563194710938e-10,9.375,O2
45.0,S5-B3,4.0,P8,slice,S5,theta,2.360205780265364e-11,9.375,O2
45.0,S5-B3,5.0,P8,post,S5,theta,1.1684406824972818e-10,9.375,P4
45.0,S5-B3,5.0,P8,pre,S5,theta,3.7493899827921177e-10,9.375,P4
45.0,S5-B3,5.0,P8,slice,S5,theta,3.046189910055122e-11,9.375,P4
46.0,S5-B3,0.0,P8,post,S5,theta,2.852488828839787e-11,9.375,Pz
46.0,S5-B3,0.0,P8,pre,S5,theta,6.86094970309907e-11,9.375,Pz
46.0,S5-B3,0.0,P8,slice,S5,theta,2.101939736047801e-11,9.375,Pz
46.0,S5-B3,1.0,P8,post,S5,theta,2.9414137180205926e-11,9.375,P3
46.0,S5-B3,1.0,P8,pre,S5,theta,4.2112267232988054e-11,9.375,P3
46.0,S5-B3,1.0,P8,slice,S5,theta,1.6921768009512694e-11,9.375,P3
46.0,S5-B3,2.0,P8,post,S5,theta,7.366989046957843e-11,9.375,O1
46.0,S5-B3,2.0,P8,pre,S5,theta,6.471581337984358e-11,9.375,O1
46.0,S5-B3,2.0,P8,slice,S5,theta,1.4773395240111613e-11,9.375,O1
46.0,S5-B3,3.0,P8,post,S5,theta,9.780425193265593e-11,9.375,Oz
46.0,S5-B3,3.0,P8,pre,S5,theta,1.0983136550946947e-10,9.375,Oz
46.0,S5-B3,3.0,P8,slice,S5,theta,1.68562162597564e-11,9.375,Oz
46.0,S5-B3,4.0,P8,post,S5,theta,1.1785566885302515e-10,9.375,O2
46.0,S5-B3,4.0,P8,pre,S5,theta,1.601199330607563e-10,9.375,O2
46.0,S5-B3,4.0,P8,slice,S5,theta,2.0960232897497123e-11,9.375,O2
46.0,S5-B3,5.0,P8,post,S5,theta,1.3546297444564406e-10,9.375,P4
46.0,S5-B3,5.0,P8,pre,S5,theta,1.972256579442857e-10,9.375,P4
46.0,S5-B3,5.0,P8,slice,S5,theta,2.6910461727452094e-11,9.375,P4
47.0,S5-B3,0.0,P8,post,S5,theta,7.17578500311761e-11,9.375,Pz
47.0,S5-B3,0.0,P8,pre,S5,theta,2.4436102571555958e-11,9.375,Pz
47.0,S5-B3,0.0,P8,slice,S5,theta,2.0663524565531463e-11,9.375,Pz
47.0,S5-B3,1.0,P8,post,S5,theta,1.2654081066645854e-10,9.375,P3
47.0,S5-B3,1.0,P8,pre,S5,theta,2.0687938642190245e-11,9.375,P3
47.0,S5-B3,1.0,P8,slice,S5,theta,1.7079184612044556e-11,9.375,P3
47.0,S5-B3,2.0,P8,post,S5,theta,2.96988440631268e-10,9.375,O1
47.0,S5-B3,2.0,P8,pre,S5,theta,3.7049958994391625e-11,9.375,O1
47.0,S5-B3,2.0,P8,slice,S5,theta,1.64998725691553e-11,9.375,O1
47.0,S5-B3,3.0,P8,post,S5,theta,3.5469427552067634e-10,9.375,Oz
47.0,S5-B3,3.0,P8,pre,S5,theta,4.885802461461576e-11,9.375,Oz
47.0,S5-B3,3.0,P8,slice,S5,theta,1.904847601010324e-11,9.375,Oz
47.0,S5-B3,4.0,P8,post,S5,theta,3.6953426369582836e-10,9.375,O2
47.0,S5-B3,4.0,P8,pre,S5,theta,6.209250525188065e-11,9.375,O2
47.0,S5-B3,4.0,P8,slice,S5,theta,2.3273051217368025e-11,9.375,O2
47.0,S5-B3,5.0,P8,post,S5,theta,3.4284856049414633e-10,9.375,P4
47.0,S5-B3,5.0,P8,pre,S5,theta,7.837968469047209e-11,9.375,P4
47.0,S5-B3,5.0,P8,slice,S5,theta,2.9052414278290913e-11,9.375,P4
48.0,S5-B3,0.0,P8,post,S5,theta,1.0070049004900494e-10,9.375,Pz
48.0,S5-B3,0.0,P8,pre,S5,theta,6.24726817375764e-11,9.375,Pz
48.0,S5-B3,0.0,P8,slice,S5,theta,2.161202939724185e-11,9.375,Pz
48.0,S5-B3,1.0,P8,post,S5,theta,1.33693406212621e-10,9.375,P3
48.0,S5-B3,1.0,P8,pre,S5,theta,1.1707305356861208e-10,9.375,P3
48.0,S5-B3,1.0,P8,slice,S5,theta,1.8583712610335883e-11,9.375,P3
48.0,S5-B3,2.0,P8,post,S5,theta,1.857990382519335e-10,9.375,O1
48.0,S5-B3,2.0,P8,pre,S5,theta,2.777282831780212e-10,9.375,O1
48.0,S5-B3,2.0,P8,slice,S5,theta,1.8558703672335067e-11,9.375,O1
48.0,S5-B3,3.0,P8,post,S5,theta,1.8241548772790794e-10,9.375,Oz
48.0,S5-B3,3.0,P8,pre,S5,theta,3.2812529440751965e-10,9.375,Oz
48.0,S5-B3,3.0,P8,slice,S5,theta,2.0941800876643983e-11,9.375,Oz
48.0,S5-B3,4.0,P8,post,S5,theta,1.5542125989016623e-10,9.375,O2
48.0,S5-B3,4.0,P8,pre,S5,theta,3.417331093253481e-10,9.375,O2
48.0,S5-B3,4.0,P8,slice,S5,theta,2.4635030803775332e-11,9.375,O2
48.0,S5-B3,5.0,P8,post,S5,theta,1.143500402604362e-10,9.375,P4
48.0,S5-B3,5.0,P8,pre,S5,theta,3.209936050036433e-10,9.375,P4
48.0,S5-B3,5.0,P8,slice,S5,theta,2.963025984074014e-11,9.375,P4
49.0,S5-B3,0.0,P8,post,S5,theta,2.997488499596538e-11,9.375,Pz
49.0,S5-B3,0.0,P8,pre,S5,theta,1.3575824982597722e-10,9.375,Pz
49.0,S5-B3,0.0,P8,slice,S5,theta,2.1236762311059722e-11,9.375,Pz
49.0,S5-B3,1.0,P8,post,S5,theta,2.5334984818745147e-11,9.375,P3
49.0,S5-B3,1.0,P8,pre,S5,theta,1.866115724168392e-10,9.375,P3
49.0,S5-B3,1.0,P8,slice,S5,theta,1.7316812127553353e-11,9.375,P3
49.0,S5-B3,2.0,P8,post,S5,theta,2.6581617175809332e-11,9.375,O1
49.0,S5-B3,2.0,P8,pre,S5,theta,2.651792768648516e-10,9.375,O1
49.0,S5-B3,2.0,P8,slice,S5,theta,1.543754642837949e-11,9.375,O1
49.0,S5-B3,3.0,P8,post,S5,theta,3.088708784407146e-11,9.375,Oz
49.0,S5-B3,3.0,P8,pre,S5,theta,2.603485943391914e-10,9.375,Oz
49.0,S5-B3,3.0,P8,slice,S5,theta,1.741126476608123e-11,9.375,Oz
49.0,S5-B3,4.0,P8,post,S5,theta,3.947122959523158e-11,9.375,O2
49.0,S5-B3,4.0,P8,pre,S5,theta,2.215421362614524e-10,9.375,O2
49.0,S5-B3,4.0,P8,slice,S5,theta,2.121607162599117e-11,9.375,O2
49.0,S5-B3,5.0,P8,post,S5,theta,5.572232843466607e-11,9.375,P4
49.0,S5-B3,5.0,P8,pre,S5,theta,1.641410220972693e-10,9.375,P4
49.0,S5-B3,5.0,P8,slice,S5,theta,2.6834792628190302e-11,9.375,P4
50.0,S5-B3,0.0,P8,post,S5,theta,2.2566115562844259e-10,9.375,Pz
50.0,S5-B3,0.0,P8,pre,S5,theta,3.912886013429758e-11,9.375,Pz
50.0,S5-B3,0.0,P8,slice,S5,theta,2.1226061924966332e-11,9.375,Pz
50.0,S5-B3,1.0,P8,post,S5,theta,2.622792295074814e-10,9.375,P3
50.0,S5-B3,1.0,P8,pre,S5,theta,3.022189927520569e-11,9.375,P3
50.0,S5-B3,1.0,P8,slice,S5,theta,1.7437009725966307e-11,9.375,P3
50.0,S5-B3,2.0,P8,post,S5,theta,2.3237653919392218e-10,9.375,O1
50.0,S5-B3,2.0,P8,pre,S5,theta,2.3981746609166377e-11,9.375,O1
50.0,S5-B3,2.0,P8,slice,S5,theta,1.541652497248891e-11,9.375,O1
50.0,S5-B3,3.0,P8,post,S5,theta,1.8117299568649302e-10,9.375,Oz
50.0,S5-B3,3.0,P8,pre,S5,theta,2.4800370217214748e-11,9.375,Oz
50.0,S5-B3,3.0,P8,slice,S5,theta,1.7327373122769783e-11,9.375,Oz
50.0,S5-B3,4.0,P8,post,S5,theta,1.3012125889120902e-10,9.375,O2
50.0,S5-B3,4.0,P8,pre,S5,theta,2.9761630936455624e-11,9.375,O2
50.0,S5-B3,4.0,P8,slice,S5,theta,2.1223553680901936e-11,9.375,O2
50.0,S5-B3,5.0,P8,post,S5,theta,9.567258567185247e-11,9.375,P4
50.0,S5-B3,5.0,P8,pre,S5,theta,4.358661736022153e-11,9.375,P4
50.0,S5-B3,5.0,P8,slice,S5,theta,2.701272237498935e-11,9.375,P4
51.0,S5-B3,0.0,P8,post,S5,theta,3.4510626449758944e-10,9.375,Pz
51.0,S5-B3,0.0,P8,pre,S5,theta,1.6521913614155032e-10,9.375,Pz
51.0,S5-B3,0.0,P8,slice,S5,theta,2.489527481900173e-11,9.375,Pz
51.0,S5-B3,1.0,P8,post,S5,theta,3.2884235375025187e-10,9.375,P3
51.0,S5-B3,1.0,P8,pre,S5,theta,1.932877294079618e-10,9.375,P3
51.0,S5-B3,1.0,P8,slice,S5,theta,2.1116186322293855e-11,9.375,P3
51.0,S5-B3,2.0,P8,post,S5,theta,1.946238149952692e-10,9.375,O1
51.0,S5-B3,2.0,P8,pre,S5,theta,1.718569943585772e-10,9.375,O1
51.0,S5-B3,2.0,P8,slice,S5,theta,1.766464490200396e-11,9.375,O1
51.0,S5-B3,3.0,P8,post,S5,theta,1.1275357506032911e-10,9.375,Oz
51.0,S5-B3,3.0,P8,pre,S5,theta,1.354461756956719e-10,9.375,Oz
51.0,S5-B3,3.0,P8,slice,S5,theta,1.850950638537913e-11,9.375,Oz
51.0,S5-B3,4.0,P8,post,S5,theta,6.037017154624144e-11,9.375,O2
51.0,S5-B3,4.0,P8,pre,S5,theta,1.0213159850614652e-10,9.375,O2
51.0,S5-B3,4.0,P8,slice,S5,theta,2.1560160060620936e-11,9.375,O2
51.0,S5-B3,5.0,P8,post,S5,theta,6.119406469615336e-11,9.375,P4
51.0,S5-B3,5.0,P8,pre,S5,theta,8.163703383736565e-11,9.375,P4
51.0,S5-B3,5.0,P8,slice,S5,theta,2.6980455484802687e-11,9.375,P4
52.0,S5-B3,0.0,P8,post,S5,theta,5.868888366352442e-11,9.375,Pz
52.0,S5-B3,0.0,P8,pre,S5,theta,3.8416006890006123e-10,9.375,Pz
52.0,S5-B3,0.0,P8,slice,S5,theta,2.3457736736776448e-11,9.375,Pz
52.0,S5-B3,1.0,P8,post,S5,theta,4.586346777065029e-11,9.375,P3
52.0,S5-B3,1.0,P8,pre,S5,theta,3.6382965972863814e-10,9.375,P3
52.0,S5-B3,1.0,P8,slice,S5,theta,1.9182649675273138e-11,9.375,P3
52.0,S5-B3,2.0,P8,post,S5,theta,2.429054411855451e-11,9.375,O1
52.0,S5-B3,2.0,P8,pre,S5,theta,2.1063131003722633e-10,9.375,O1
52.0,S5-B3,2.0,P8,slice,S5,theta,1.5826239231517054e-11,9.375,O1
52.0,S5-B3,3.0,P8,post,S5,theta,1.9035621472571265e-11,9.375,Oz
52.0,S5-B3,3.0,P8,pre,S5,theta,1.23637459869945e-10,9.375,Oz
52.0,S5-B3,3.0,P8,slice,S5,theta,1.714924454503325e-11,9.375,Oz
52.0,S5-B3,4.0,P8,post,S5,theta,2.3331032842811767e-11,9.375,O2
52.0,S5-B3,4.0,P8,pre,S5,theta,7.053528184905673e-11,9.375,O2
52.0,S5-B3,4.0,P8,slice,S5,theta,2.0780189752950217e-11,9.375,O2
52.0,S5-B3,5.0,P8,post,S5,theta,4.263003213731359e-11,9.375,P4
52.0,S5-B3,5.0,P8,pre,S5,theta,7.385421048204665e-11,9.375,P4
52.0,S5-B3,5.0,P8,slice,S5,theta,2.6807847052530826e-11,9.375,P4
53.0,S5-B3,0.0,P8,post,S5,theta,1.5303811176752535e-10,9.375,Pz
53.0,S5-B3,0.0,P8,pre,S5,theta,1.1348206256520597e-10,9.375,Pz
53.0,S5-B3,0.0,P8,slice,S5,theta,2.077255907876569e-11,9.375,Pz
53.0,S5-B3,1.0,P8,post,S5,theta,1.035810588099552e-10,9.375,P3
53.0,S5-B3,1.0,P8,pre,S5,theta,9.305222522790201e-11,9.375,P3
53.0,S5-B3,1.0,P8,slice,S5,theta,1.6697997502835887e-11,9.375,P3
53.0,S5-B3,2.0,P8,post,S5,theta,3.7661663790881297e-11,9.375,O1
53.0,S5-B3,2.0,P8,pre,S5,theta,4.5335873731638955e-11,9.375,O1
53.0,S5-B3,2.0,P8,slice,S5,theta,1.464325793381334e-11,9.375,O1
53.0,S5-B3,3.0,P8,post,S5,theta,4.163262605634468e-11,9.375,Oz
53.0,S5-B3,3.0,P8,pre,S5,theta,2.8125189398836802e-11,9.375,Oz
53.0,S5-B3,3.0,P8,slice,S5,theta,1.67247228534694e-11,9.375,Oz
53.0,S5-B3,4.0,P8,post,S5,theta,6.905673168460978e-11,9.375,O2
53.0,S5-B3,4.0,P8,pre,S5,theta,2.7877334072889757e-11,9.375,O2
53.0,S5-B3,4.0,P8,slice,S5,theta,2.078365003100387e-11,9.375,O2
53.0,S5-B3,5.0,P8,post,S5,theta,1.1016248690994034e-10,9.375,P4
53.0,S5-B3,5.0,P8,pre,S5,theta,5.3062627182701333e-11,9.375,P4
53.0,S5-B3,5.0,P8,slice,S5,theta,2.666408781977627e-11,9.375,P4
54.0,S5-B3,0.0,P8,post,S5,theta,2.559383343717752e-10,9.375,Pz
54.0,S5-B3,0.0,P8,pre,S5,theta,8.984079116278384e-11,9.375,Pz
54.0,S5-B3,0.0,P8,slice,S5,theta,2.3300948279429157e-11,9.375,Pz
54.0,S5-B3,1.0,P8,post,S5,theta,1.5253332971109397e-10,9.375,P3
54.0,S5-B3,1.0,P8,pre,S5,theta,5.6897826251618504e-11,9.375,P3
54.0,S5-B3,1.0,P8,slice,S5,theta,1.8132016963397753e-11,9.375,P3
54.0,S5-B3,2.0,P8,post,S5,theta,4.274788206447963e-11,9.375,O1
54.0,S5-B3,2.0,P8,pre,S5,theta,2.121906320893987e-11,9.375,O1
54.0,S5-B3,2.0,P8,slice,S5,theta,1.477789518523714e-11,9.375,O1
54.0,S5-B3,3.0,P8,post,S5,theta,7.352108246940609e-11,9.375,Oz
54.0,S5-B3,3.0,P8,pre,S5,theta,2.8290079029956847e-11,9.375,Oz
54.0,S5-B3,3.0,P8,slice,S5,theta,1.706789888746604e-11,9.375,Oz
54.0,S5-B3,4.0,P8,post,S5,theta,1.562640867101941e-10,9.375,O2
54.0,S5-B3,4.0,P8,pre,S5,theta,4.8668878073697873e-11,9.375,O2
54.0,S5-B3,4.0,P8,slice,S5,theta,2.188596963696173e-11,9.375,O2
54.0,S5-B3,5.0,P8,post,S5,theta,2.6671361659100677e-10,9.375,P4
54.0,S5-B3,5.0,P8,pre,S5,theta,7.583595781399807e-11,9.375,P4
54.0,S5-B3,5.0,P8,slice,S5,theta,2.879778561212444e-11,9.375,P4
55.0,S5-B3,0.0,P8,post,S5,theta,6.163036180592213e-11,9.375,Pz
55.0,S5-B3,0.0,P8,pre,S5,theta,2.467254102247691e-10,9.375,Pz
55.0,S5-B3,0.0,P8,slice,S5,theta,2.257678008964819e-11,9.375,Pz
55.0,S5-B3,1.0,P8,post,S5,theta,3.8367938061232734e-11,9.375,P3
55.0,S5-B3,1.0,P8,pre,S5,theta,1.409458927376661e-10,9.375,P3
55.0,S5-B3,1.0,P8,slice,S5,theta,1.7610679558675313e-11,9.375,P3
55.0,S5-B3,2.0,P8,post,S5,theta,1.74372829635168e-11,9.375,O1
55.0,S5-B3,2.0,P8,pre,S5,theta,4.6033511344307706e-11,9.375,O1
55.0,S5-B3,2.0,P8,slice,S5,theta,1.4713044354756836e-11,9.375,O1
55.0,S5-B3,3.0,P8,post,S5,theta,2.915317494232275e-11,9.375,Oz
55.0,S5-B3,3.0,P8,pre,S5,theta,8.666086379814072e-11,9.375,Oz
55.0,S5-B3,3.0,P8,slice,S5,theta,1.7200363026701654e-11,9.375,Oz
55.0,S5-B3,4.0,P8,post,S5,theta,5.507221345091592e-11,9.375,O2
55.0,S5-B3,4.0,P8,pre,S5,theta,1.76004356233691e-10,9.375,O2
55.0,S5-B3,4.0,P8,slice,S5,theta,2.2141806986449337e-11,9.375,O2
55.0,S5-B3,5.0,P8,post,S5,theta,8.776905955823494e-11,9.375,P4
55.0,S5-B3,5.0,P8,pre,S5,theta,2.8610721925637676e-10,9.375,P4
55.0,S5-B3,5.0,P8,slice,S5,theta,2.9077430036893668e-11,9.375,P4
56.0,S5-B3,0.0,P8,post,S5,theta,3.667448514336641e-11,9.375,Pz
56.0,S5-B3,0.0,P8,pre,S5,theta,9.730712041422536e-11,9.375,Pz
56.0,S5-B3,0.0,P8,slice,S5,theta,2.090756201884525e-11,9.375,Pz
56.0,S5-B3,1.0,P8,post,S5,theta,2.5469485788802657e-11,9.375,P3
56.0,S5-B3,1.0,P8,pre,S5,theta,5.884439192213845e-11,9.375,P3
56.0,S5-B3,1.0,P8,slice,S5,theta,1.6871443736287126e-11,9.375,P3
56.0,S5-B3,2.0,P8,post,S5,theta,6.889164558536484e-11,9.375,O1
56.0,S5-B3,2.0,P8,pre,S5,theta,3.116507841805949e-11,9.375,O1
56.0,S5-B3,2.0,P8,slice,S5,theta,1.4787294902450174e-11,9.375,O1
56.0,S5-B3,3.0,P8,post,S5,theta,1.02374449997251e-10,9.375,Oz
56.0,S5-B3,3.0,P8,pre,S5,theta,5.551196064659244e-11,9.375,Oz
56.0,S5-B3,3.0,P8,slice,S5,theta,1.682632315133322e-11,9.375,Oz
56.0,S5-B3,4.0,P8,post,S5,theta,1.3256772139002691e-10,9.375,O2
56.0,S5-B3,4.0,P8,pre,S5,theta,1.000739433994278e-10,9.375,O2
56.0,S5-B3,4.0,P8,slice,S5,theta,2.087208604813939e-11,9.375,O2
56.0,S5-B3,5.0,P8,post,S5,theta,1.5726841584867334e-10,9.375,P4
56.0,S5-B3,5.0,P8,pre,S5,theta,1.503459877305899e-10,9.375,P4
56.0,S5-B3,5.0,P8,slice,S5,theta,2.6785819467675577e-11,9.375,P4
57.0,S5-B3,0.0,P8,post,S5,theta,6.011068994027323e-11,9.375,Pz
57.0,S5-B3,0.0,P8,pre,S5,theta,2.711546787392298e-11,9.375,Pz
57.0,S5-B3,0.0,P8,slice,S5,theta,2.0859369313254604e-11,9.375,Pz
57.0,S5-B3,1.0,P8,post,S5,theta,7.111919059351147e-11,9.375,P3
57.0,S5-B3,1.0,P8,pre,S5,theta,1.8753707077907396e-11,9.375,P3
57.0,S5-B3,1.0,P8,slice,S5,theta,1.6882851735908927e-11,9.375,P3
57.0,S5-B3,2.0,P8,post,S5,theta,2.3799820443243113e-10,9.375,O1
57.0,S5-B3,2.0,P8,pre,S5,theta,3.951651590550527e-11,9.375,O1
57.0,S5-B3,2.0,P8,slice,S5,theta,1.6353403593334004e-11,9.375,O1
57.0,S5-B3,3.0,P8,post,S5,theta,3.3559170929860625e-10,9.375,Oz
57.0,S5-B3,3.0,P8,pre,S5,theta,5.722100465481707e-11,9.375,Oz
57.0,S5-B3,3.0,P8,slice,S5,theta,1.9281643956668014e-11,9.375,Oz
57.0,S5-B3,4.0,P8,post,S5,theta,4.0208331749457924e-10,9.375,O2
57.0,S5-B3,4.0,P8,pre,S5,theta,7.5332407049008e-11,9.375,O2
57.0,S5-B3,4.0,P8,slice,S5,theta,2.397501979495749e-11,9.375,O2
57.0,S5-B3,5.0,P8,post,S5,theta,4.216007837308643e-10,9.375,P4
57.0,S5-B3,5.0,P8,pre,S5,theta,9.381055125383669e-11,9.375,P4
57.0,S5-B3,5.0,P8,slice,S5,theta,3.013461117759915e-11,9.375,P4
58.0,S5-B3,0.0,P8,post,S5,theta,5.340255487695085e-11,9.375,Pz
58.0,S5-B3,0.0,P8,pre,S5,theta,5.153120769324079e-11,9.375,Pz
58.0,S5-B3,0.0,P8,slice,S5,theta,2.1099994757233877e-11,9.375,Pz
58.0,S5-B3,1.0,P8,post,S5,theta,6.977871439000094e-11,9.375,P3
58.0,S5-B3,1.0,P8,pre,S5,theta,6.962878822989592e-11,9.375,P3
58.0,S5-B3,1.0,P8,slice,S5,theta,1.7573849004060283e-11,9.375,P3
58.0,S5-B3,2.0,P8,post,S5,theta,1.3275053113552068e-10,9.375,O1
58.0,S5-B3,2.0,P8,pre,S5,theta,2.3917862606497014e-10,9.375,O1
58.0,S5-B3,2.0,P8,slice,S5,theta,1.7779514547850346e-11,9.375,O1
58.0,S5-B3,3.0,P8,post,S5,theta,1.5529375240952974e-10,9.375,Oz
58.0,S5-B3,3.0,P8,pre,S5,theta,3.317897975040042e-10,9.375,Oz
58.0,S5-B3,3.0,P8,slice,S5,theta,2.081090416294197e-11,9.375,Oz
58.0,S5-B3,4.0,P8,post,S5,theta,1.5805441586089973e-10,9.375,O2
58.0,S5-B3,4.0,P8,pre,S5,theta,3.9227201473897976e-10,9.375,O2
58.0,S5-B3,4.0,P8,slice,S5,theta,2.527544684165997e-11,9.375,O2
58.0,S5-B3,5.0,P8,post,S5,theta,1.39776193686561e-10,9.375,P4
58.0,S5-B3,5.0,P8,pre,S5,theta,4.0780564691835364e-10,9.375,P4
58.0,S5-B3,5.0,P8,slice,S5,theta,3.0870413232274376e-11,9.375,P4
59.0,S5-B3,0.0,P8,post,S5,theta,2.9511113562649454e-11,9.375,Pz
59.0,S5-B3,0.0,P8,pre,S5,theta,7.538620269407173e-11,9.375,Pz
59.0,S5-B3,0.0,P8,slice,S5,theta,2.1089847649178434e-11,9.375,Pz
59.0,S5-B3,1.0,P8,post,S5,theta,3.048368581837686e-11,9.375,P3
59.0,S5-B3,1.0,P8,pre,S5,theta,1.0704535696548042e-10,9.375,P3
59.0,S5-B3,1.0,P8,slice,S5,theta,1.7052558656595845e-11,9.375,P3
59.0,S5-B3,2.0,P8,post,S5,theta,4.465264656655608e-11,9.375,O1
59.0,S5-B3,2.0,P8,pre,S5,theta,2.0543484215912308e-10,9.375,O1
59.0,S5-B3,2.0,P8,slice,S5,theta,1.5115514545513026e-11,9.375,O1
59.0,S5-B3,3.0,P8,post,S5,theta,5.2254937756739476e-11,9.375,Oz
59.0,S5-B3,3.0,P8,pre,S5,theta,2.3613070770775855e-10,9.375,Oz
59.0,S5-B3,3.0,P8,slice,S5,theta,1.7221650423733876e-11,9.375,Oz
59.0,S5-B3,4.0,P8,post,S5,theta,6.211257868288106e-11,9.375,O2
59.0,S5-B3,4.0,P8,pre,S5,theta,2.352081248840712e-10,9.375,O2
59.0,S5-B3,4.0,P8,slice,S5,theta,2.1243734897289694e-11,9.375,O2
59.0,S5-B3,5.0,P8,post,S5,theta,7.765462538679821e-11,9.375,P4
59.0,S5-B3,5.0,P8,pre,S5,theta,2.0275322314499618e-10,9.375,P4
59.0,S5-B3,5.0,P8,slice,S5,theta,2.7052607933910802e-11,9.375,P4
60.0,S5-B3,0.0,P8,post,S5,theta,1.9119459257255188e-10,9.375,Pz
60.0,S5-B3,0.0,P8,pre,S5,theta,2.8337575406802338e-11,9.375,Pz
60.0,S5-B3,0.0,P8,slice,S5,theta,2.1326060143078832e-11,9.375,Pz
60.0,S5-B3,1.0,P8,post,S5,theta,2.6141178217779e-10,9.375,P3
60.0,S5-B3,1.0,P8,pre,S5,theta,2.1185728216429028e-11,9.375,P3
60.0,S5-B3,1.0,P8,slice,S5,theta,1.7736447046770885e-11,9.375,P3
60.0,S5-B3,2.0,P8,post,S5,theta,3.135275690681223e-10,9.375,O1
60.0,S5-B3,2.0,P8,pre,S5,theta,2.119556634700531e-11,9.375,O1
60.0,S5-B3,2.0,P8,slice,S5,theta,1.6186371734146594e-11,9.375,O1
60.0,S5-B3,3.0,P8,post,S5,theta,2.81744770515007e-10,9.375,Oz
60.0,S5-B3,3.0,P8,pre,S5,theta,2.6076573271525763e-11,9.375,Oz
60.0,S5-B3,3.0,P8,slice,S5,theta,1.8170972763489188e-11,9.375,Oz
60.0,S5-B3,4.0,P8,post,S5,theta,2.267048973858056e-10,9.375,O2
60.0,S5-B3,4.0,P8,pre,S5,theta,3.4629286654998175e-11,9.375,O2
60.0,S5-B3,4.0,P8,slice,S5,theta,2.202876755580616e-11,9.375,O2
60.0,S5-B3,5.0,P8,post,S5,theta,1.6957321740865465e-10,9.375,P4
60.0,S5-B3,5.0,P8,pre,S5,theta,4.977992323087859e-11,9.375,P4
60.0,S5-B3,5.0,P8,slice,S5,theta,2.7710725749940386e-11,9.375,P4
61.0,S5-B3,0.0,P8,post,S5,theta,2.740579460071274e-10,9.375,Pz
61.0,S5-B3,0.0,P8,pre,S5,theta,1.4688467377369066e-10,9.375,Pz
61.0,S5-B3,0.0,P8,slice,S5,theta,2.4181010455557588e-11,9.375,Pz
61.0,S5-B3,1.0,P8,post,S5,theta,2.926254843994595e-10,9.375,P3
61.0,S5-B3,1.0,P8,pre,S5,theta,2.0505951232178168e-10,9.375,P3
61.0,S5-B3,1.0,P8,slice,S5,theta,2.1061897428360646e-11,9.375,P3
61.0,S5-B3,2.0,P8,post,S5,theta,2.3322825424260625e-10,9.375,O1
61.0,S5-B3,2.0,P8,pre,S5,theta,2.4590230688770777e-10,9.375,O1
61.0,S5-B3,2.0,P8,slice,S5,theta,1.88731436410655e-11,9.375,O1
61.0,S5-B3,3.0,P8,post,S5,theta,1.651431441598678e-10,9.375,Oz
61.0,S5-B3,3.0,P8,pre,S5,theta,2.231216908115898e-10,9.375,Oz
61.0,S5-B3,3.0,P8,slice,S5,theta,1.993296987187037e-11,9.375,Oz
61.0,S5-B3,4.0,P8,post,S5,theta,9.750214616440844e-11,9.375,O2
61.0,S5-B3,4.0,P8,pre,S5,theta,1.8468371264623193e-10,9.375,O2
61.0,S5-B3,4.0,P8,slice,S5,theta,2.2777120062599568e-11,9.375,O2
61.0,S5-B3,5.0,P8,post,S5,theta,6.083248333425441e-11,9.375,P4
61.0,S5-B3,5.0,P8,pre,S5,theta,1.4494034626333015e-10,9.375,P4
61.0,S5-B3,5.0,P8,slice,S5,theta,2.7645202568236435e-11,9.375,P4
62.0,S5-B3,0.0,P8,post,S5,theta,4.448768879526507e-11,9.375,Pz
62.0,S5-B3,0.0,P8,pre,S5,theta,3.29258539306874e-10,9.375,Pz
62.0,S5-B3,0.0,P8,slice,S5,theta,2.2919056755459253e-11,9.375,Pz
62.0,S5-B3,1.0,P8,post,S5,theta,3.396350747781886e-11,9.375,P3
62.0,S5-B3,1.0,P8,pre,S5,theta,3.558296913801644e-10,9.375,P3
62.0,S5-B3,1.0,P8,slice,S5,theta,1.8881149093548406e-11,9.375,P3
62.0,S5-B3,2.0,P8,post,S5,theta,2.1126167370117532e-11,9.375,O1
62.0,S5-B3,2.0,P8,pre,S5,theta,2.8381250244026076e-10,9.375,O1
62.0,S5-B3,2.0,P8,slice,S5,theta,1.6163384222829824e-11,9.375,O1
62.0,S5-B3,3.0,P8,post,S5,theta,1.93674653847066e-11,9.375,Oz
62.0,S5-B3,3.0,P8,pre,S5,theta,2.015084614608684e-10,9.375,Oz
62.0,S5-B3,3.0,P8,slice,S5,theta,1.76172769541146e-11,9.375,Oz
62.0,S5-B3,4.0,P8,post,S5,theta,2.425952717868829e-11,9.375,O2
62.0,S5-B3,4.0,P8,pre,S5,theta,1.2304381581398882e-10,9.375,O2
62.0,S5-B3,4.0,P8,slice,S5,theta,2.1118849444863868e-11,9.375,O2
62.0,S5-B3,5.0,P8,post,S5,theta,4.084880837066788e-11,9.375,P4
62.0,S5-B3,5.0,P8,pre,S5,theta,7.936105977494354e-11,9.375,P4
62.0,S5-B3,5.0,P8,slice,S5,theta,2.6842583273800275e-11,9.375,P4
63.0,S5-B3,0.0,P8,post,S5,theta,2.0212072025237324e-10,9.375,Pz
63.0,S5-B3,0.0,P8,pre,S5,theta,8.813072978841727e-11,9.375,Pz
63.0,S5-B3,0.0,P8,slice,S5,theta,2.095261856734797e-11,9.375,Pz
63.0,S5-B3,1.0,P8,post,S5,theta,1.673982749434522e-10,9.375,P3
63.0,S5-B3,1.0,P8,pre,S5,theta,7.470417652314356e-11,9.375,P3
63.0,S5-B3,1.0,P8,slice,S5,theta,1.6857218694115238e-11,9.375,P3
63.0,S5-B3,2.0,P8,post,S5,theta,7.463598727930384e-11,9.375,O1
63.0,S5-B3,2.0,P8,pre,S5,theta,4.490847176348677e-11,9.375,O1
63.0,S5-B3,2.0,P8,slice,S5,theta,1.4701168760482216e-11,9.375,O1
63.0,S5-B3,3.0,P8,post,S5,theta,4.98693870205177e-11,9.375,Oz
63.0,S5-B3,3.0,P8,pre,S5,theta,3.1389967152913876e-11,9.375,Oz
63.0,S5-B3,3.0,P8,slice,S5,theta,1.6746909090276427e-11,9.375,Oz
63.0,S5-B3,4.0,P8,post,S5,theta,5.1215435831327075e-11,9.375,O2
63.0,S5-B3,4.0,P8,pre,S5,theta,2.748494532111972e-11,9.375,O2
63.0,S5-B3,4.0,P8,slice,S5,theta,2.08108432332909e-11,9.375,O2
63.0,S5-B3,5.0,P8,post,S5,theta,7.580012406480393e-11,9.375,P4
63.0,S5-B3,5.0,P8,pre,S5,theta,4.345965816796865e-11,9.375,P4
63.0,S5-B3,5.0,P8,slice,S5,theta,2.6726325941122376e-11,9.375,P4
64.0,S5-B3,0.0,P8,post,S5,theta,3.51240750392857e-10,9.375,Pz
64.0,S5-B3,0.0,P8,pre,S5,theta,1.2801307643934729e-10,9.375,Pz
64.0,S5-B3,0.0,P8,slice,S5,theta,2.4494024766147198e-11,9.375,Pz
64.0,S5-B3,1.0,P8,post,S5,theta,2.5178270278336894e-10,9.375,P3
64.0,S5-B3,1.0,P8,pre,S5,theta,1.0181797994919179e-10,9.375,P3
64.0,S5-B3,1.0,P8,slice,S5,theta,1.9441990161029716e-11,9.375,P3
64.0,S5-B3,2.0,P8,post,S5,theta,7.034837893859495e-11,9.375,O1
64.0,S5-B3,2.0,P8,pre,S5,theta,4.333092416354097e-11,9.375,O1
64.0,S5-B3,2.0,P8,slice,S5,theta,1.5251322740656127e-11,9.375,O1
64.0,S5-B3,3.0,P8,post,S5,theta,4.555730438017799e-11,9.375,Oz
64.0,S5-B3,3.0,P8,pre,S5,theta,3.156159999808795e-11,9.375,Oz
64.0,S5-B3,3.0,P8,slice,S5,theta,1.6882142098012475e-11,9.375,Oz
64.0,S5-B3,4.0,P8,post,S5,theta,8.547613279201373e-11,9.375,O2
64.0,S5-B3,4.0,P8,pre,S5,theta,3.727133528614006e-11,9.375,O2
64.0,S5-B3,4.0,P8,slice,S5,theta,2.1135800098327987e-11,9.375,O2
64.0,S5-B3,5.0,P8,post,S5,theta,1.80218152184601e-10,9.375,P4
64.0,S5-B3,5.0,P8,pre,S5,theta,5.666763439029612e-11,9.375,P4
64.0,S5-B3,5.0,P8,slice,S5,theta,2.7779890058029568e-11,9.375,P4
65.0,S5-B3,0.0,P8,post,S5,theta,7.274163021551297e-11,9.375,Pz
65.0,S5-B3,0.0,P8,pre,S5,theta,3.505161947443425e-10,9.375,Pz
65.0,S5-B3,0.0,P8,slice,S5,theta,2.3640473220615894e-11,9.375,Pz
65.0,S5-B3,1.0,P8,post,S5,theta,5.0703923615793004e-11,9.375,P3
65.0,S5-B3,1.0,P8,pre,S5,theta,2.4473775335817604e-10,9.375,P3
65.0,S5-B3,1.0,P8,slice,S5,theta,1.8643476197167908e-11,9.375,P3
65.0,S5-B3,2.0,P8,post,S5,theta,1.8157207945090383e-11,9.375,O1
65.0,S5-B3,2.0,P8,pre,S5,theta,6.690335170447312e-11,9.375,O1
65.0,S5-B3,2.0,P8,slice,S5,theta,1.495800899233889e-11,9.375,O1
65.0,S5-B3,3.0,P8,post,S5,theta,1.8902718748951595e-11,9.375,Oz
65.0,S5-B3,3.0,P8,pre,S5,theta,5.275074196122996e-11,9.375,Oz
65.0,S5-B3,3.0,P8,slice,S5,theta,1.688840015302112e-11,9.375,Oz
65.0,S5-B3,4.0,P8,post,S5,theta,3.628399326146795e-11,9.375,O2
65.0,S5-B3,4.0,P8,pre,S5,theta,1.0265596833057232e-10,9.375,O2
65.0,S5-B3,4.0,P8,slice,S5,theta,2.1441625317279622e-11,9.375,O2
65.0,S5-B3,5.0,P8,post,S5,theta,6.85615161562512e-11,9.375,P4
65.0,S5-B3,5.0,P8,pre,S5,theta,2.0277001991737828e-10,9.375,P4
65.0,S5-B3,5.0,P8,slice,S5,theta,2.8355326917923275e-11,9.375,P4
66.0,S5-B3,0.0,P8,post,S5,theta,5.898832950026645e-11,9.375,Pz
66.0,S5-B3,0.0,P8,pre,S5,theta,1.254650307718971e-10,9.375,Pz
66.0,S5-B3,0.0,P8,slice,S5,theta,2.0849719160943773e-11,9.375,Pz
66.0,S5-B3,1.0,P8,post,S5,theta,3.000288761277508e-11,9.375,P3
66.0,S5-B3,1.0,P8,pre,S5,theta,8.52703748194523e-11,9.375,P3
66.0,S5-B3,1.0,P8,slice,S5,theta,1.683222088888324e-11,9.375,P3
66.0,S5-B3,2.0,P8,post,S5,theta,5.050343204020547e-11,9.375,O1
66.0,S5-B3,2.0,P8,pre,S5,theta,2.8106031917813474e-11,9.375,O1
66.0,S5-B3,2.0,P8,slice,S5,theta,1.4802898856560174e-11,9.375,O1
66.0,S5-B3,3.0,P8,post,S5,theta,8.675777740512244e-11,9.375,Oz
66.0,S5-B3,3.0,P8,pre,S5,theta,3.102058356754414e-11,9.375,Oz
66.0,S5-B3,3.0,P8,slice,S5,theta,1.6847513844127376e-11,9.375,Oz
66.0,S5-B3,4.0,P8,post,S5,theta,1.266225441580968e-10,9.375,O2
66.0,S5-B3,4.0,P8,pre,S5,theta,6.11832910459362e-11,9.375,O2
66.0,S5-B3,4.0,P8,slice,S5,theta,2.087517530501671e-11,9.375,O2
66.0,S5-B3,5.0,P8,post,S5,theta,1.6183310144022743e-10,9.375,P4
66.0,S5-B3,5.0,P8,pre,S5,theta,1.1210822917832082e-10,9.375,P4
66.0,S5-B3,5.0,P8,slice,S5,theta,2.6757918366070357e-11,9.375,P4
67.0,S5-B3,0.0,P8,post,S5,theta,9.141724519055566e-11,9.375,Pz
67.0,S5-B3,0.0,P8,pre,S5,theta,3.478062269945824e-11,9.375,Pz
67.0,S5-B3,0.0,P8,slice,S5,theta,2.148873588592822e-11,9.375,Pz
67.0,S5-B3,1.0,P8,post,S5,theta,5.005833292466984e-11,9.375,P3
67.0,S5-B3,1.0,P8,pre,S5,theta,1.813774189662344e-11,9.375,P3
67.0,S5-B3,1.0,P8,slice,S5,theta,1.6977523060808707e-11,9.375,P3
67.0,S5-B3,2.0,P8,post,S5,theta,1.3950130668700943e-10,9.375,O1
67.0,S5-B3,2.0,P8,pre,S5,theta,3.344530662230228e-11,9.375,O1
67.0,S5-B3,2.0,P8,slice,S5,theta,1.5792530779033374e-11,9.375,O1
67.0,S5-B3,3.0,P8,post,S5,theta,2.3915531181917145e-10,9.375,Oz
67.0,S5-B3,3.0,P8,pre,S5,theta,5.4891631307672164e-11,9.375,Oz
67.0,S5-B3,3.0,P8,slice,S5,theta,1.8842008338022778e-11,9.375,Oz
67.0,S5-B3,4.0,P8,post,S5,theta,3.3577305649065405e-10,9.375,O2
67.0,S5-B3,4.0,P8,pre,S5,theta,7.737499388970378e-11,9.375,O2
67.0,S5-B3,4.0,P8,slice,S5,theta,2.3835893015291328e-11,9.375,O2
67.0,S5-B3,5.0,P8,post,S5,theta,4.009909057541507e-10,9.375,P4
67.0,S5-B3,5.0,P8,pre,S5,theta,9.893005716849186e-11,9.375,P4
67.0,S5-B3,5.0,P8,slice,S5,theta,3.0408526918917033e-11,9.375,P4
68.0,S5-B3,0.0,P8,post,S5,theta,3.792496976200887e-11,9.375,Pz
68.0,S5-B3,0.0,P8,pre,S5,theta,7.69938739331232e-11,9.375,Pz
68.0,S5-B3,0.0,P8,slice,S5,theta,2.1125398253815636e-11,9.375,Pz
68.0,S5-B3,1.0,P8,post,S5,theta,3.3616479447591364e-11,9.375,P3
68.0,S5-B3,1.0,P8,pre,S5,theta,4.323168696509239e-11,9.375,P3
68.0,S5-B3,1.0,P8,slice,S5,theta,1.6932006270317155e-11,9.375,P3
68.0,S5-B3,2.0,P8,post,S5,theta,7.316321969953235e-11,9.375,O1
68.0,S5-B3,2.0,P8,pre,S5,theta,1.4704184505706775e-10,9.375,O1
68.0,S5-B3,2.0,P8,slice,S5,theta,1.6366944013699227e-11,9.375,O1
68.0,S5-B3,3.0,P8,post,S5,theta,1.0447942588105841e-10,9.375,Oz
68.0,S5-B3,3.0,P8,pre,S5,theta,2.465551898344639e-10,9.375,Oz
68.0,S5-B3,3.0,P8,slice,S5,theta,1.9583761446881203e-11,9.375,Oz
68.0,S5-B3,4.0,P8,post,S5,theta,1.280673484969808e-10,9.375,O2
68.0,S5-B3,4.0,P8,pre,S5,theta,3.390947443442835e-10,9.375,O2
68.0,S5-B3,4.0,P8,slice,S5,theta,2.4539888841218536e-11,9.375,O2
68.0,S5-B3,5.0,P8,post,S5,theta,1.351408412848997e-10,9.375,P4
68.0,S5-B3,5.0,P8,pre,S5,theta,3.999316704052513e-10,9.375,P4
68.0,S5-B3,5.0,P8,slice,S5,theta,3.0781321673770813e-11,9.375,P4
69.0,S5-B3,0.0,P8,post,S5,theta,2.8188142341181932e-11,9.375,Pz
69.0,S5-B3,0.0,P8,pre,S5,theta,5.311037097620121e-11,9.375,Pz
69.0,S5-B3,0.0,P8,slice,S5,theta,2.0841226204269043e-11,9.375,Pz
69.0,S5-B3,1.0,P8,post,S5,theta,3.2385015869328847e-11,9.375,P3
69.0,S5-B3,1.0,P8,pre,S5,theta,5.392056433302331e-11,9.375,P3
69.0,S5-B3,1.0,P8,slice,S5,theta,1.675604211741472e-11,9.375,P3
69.0,S5-B3,2.0,P8,post,S5,theta,6.233167224209654e-11,9.375,O1
69.0,S5-B3,2.0,P8,pre,S5,theta,1.263125185522753e-10,9.375,O1
69.0,S5-B3,2.0,P8,slice,S5,theta,1.475392259925581e-11,9.375,O1
69.0,S5-B3,3.0,P8,post,S5,theta,7.697033984719787e-11,9.375,Oz
69.0,S5-B3,3.0,P8,pre,S5,theta,1.749291442719686e-10,9.375,Oz
69.0,S5-B3,3.0,P8,slice,S5,theta,1.6880825154851408e-11,9.375,Oz
69.0,S5-B3,4.0,P8,post,S5,theta,8.960868355124024e-11,9.375,O2
69.0,S5-B3,4.0,P8,pre,S5,theta,2.079559718545759e-10,9.375,O2
69.0,S5-B3,4.0,P8,slice,S5,theta,2.0983542188398602e-11,9.375,O2
69.0,S5-B3,5.0,P8,post,S5,theta,1.0383069292787746e-10,9.375,P4
69.0,S5-B3,5.0,P8,pre,S5,theta,2.1269993078527282e-10,9.375,P4
69.0,S5-B3,5.0,P8,slice,S5,theta,2.6878025715534616e-11,9.375,P4
70.0,S5-B3,0.0,P8,post,S5,theta,1.2388538008319443e-10,9.375,Pz
70.0,S5-B3,0.0,P8,pre,S5,theta,2.4186400099770052e-11,9.375,Pz
70.0,S5-B3,0.0,P8,slice,S5,theta,2.1289226091516016e-11,9.375,Pz
70.0,S5-B3,1.0,P8,post,S5,theta,2.0059290782203755e-10,9.375,P3
70.0,S5-B3,1.0,P8,pre,S5,theta,1.979045403543663e-11,9.375,P3
70.0,S5-B3,1.0,P8,slice,S5,theta,1.7745263337778262e-11,9.375,P3
70.0,S5-B3,2.0,P8,post,S5,theta,3.306130675850968e-10,9.375,O1
70.0,S5-B3,2.0,P8,pre,S5,theta,2.7578454305075812e-11,9.375,O1
70.0,S5-B3,2.0,P8,slice,S5,theta,1.675407367483609e-11,9.375,O1
70.0,S5-B3,3.0,P8,post,S5,theta,3.419365545551395e-10,9.375,Oz
70.0,S5-B3,3.0,P8,pre,S5,theta,3.5212623360335445e-11,9.375,Oz
70.0,S5-B3,3.0,P8,slice,S5,theta,1.9014443509209183e-11,9.375,Oz
70.0,S5-B3,4.0,P8,post,S5,theta,3.135117620709637e-10,9.375,O2
70.0,S5-B3,4.0,P8,pre,S5,theta,4.602481447846685e-11,9.375,O2
70.0,S5-B3,4.0,P8,slice,S5,theta,2.3029943228797152e-11,9.375,O2
70.0,S5-B3,5.0,P8,post,S5,theta,2.59857095880802e-10,9.375,P4
70.0,S5-B3,5.0,P8,pre,S5,theta,6.204226013236208e-11,9.375,P4
70.0,S5-B3,5.0,P8,slice,S5,theta,2.8784155761706098e-11,9.375,P4
71.0,S5-B3,0.0,P8,post,S5,theta,1.8833405201271172e-10,9.375,Pz
71.0,S5-B3,0.0,P8,pre,S5,theta,1.0267385201963654e-10,9.375,Pz
71.0,S5-B3,0.0,P8,slice,S5,theta,2.2728524551834556e-11,9.375,Pz
71.0,S5-B3,1.0,P8,post,S5,theta,2.269976079110687e-10,9.375,P3
71.0,S5-B3,1.0,P8,pre,S5,theta,1.7199032701943384e-10,9.375,P3
71.0,S5-B3,1.0,P8,slice,S5,theta,1.9924787818135123e-11,9.375,P3
71.0,S5-B3,2.0,P8,post,S5,theta,2.3856077460029494e-10,9.375,O1
71.0,S5-B3,2.0,P8,pre,S5,theta,2.8781083079567443e-10,9.375,O1
71.0,S5-B3,2.0,P8,slice,S5,theta,1.919299015435304e-11,9.375,O1
71.0,S5-B3,3.0,P8,post,S5,theta,1.989566787422404e-10,9.375,Oz
71.0,S5-B3,3.0,P8,pre,S5,theta,2.9627862127107446e-10,9.375,Oz
71.0,S5-B3,3.0,P8,slice,S5,theta,2.087423957343438e-11,9.375,Oz
71.0,S5-B3,4.0,P8,post,S5,theta,1.4118315214938937e-10,9.375,O2
71.0,S5-B3,4.0,P8,pre,S5,theta,2.73351614971225e-10,9.375,O2
71.0,S5-B3,4.0,P8,slice,S5,theta,2.3941966637908387e-11,9.375,O2
71.0,S5-B3,5.0,P8,post,S5,theta,8.867861259246927e-11,9.375,P4
71.0,S5-B3,5.0,P8,pre,S5,theta,2.3230021976418522e-10,9.375,P4
71.0,S5-B3,5.0,P8,slice,S5,theta,2.8586288771370957e-11,9.375,P4
72.0,S5-B3,0.0,P8,post,S5,theta,3.400508742811628e-11,9.375,Pz
72.0,S5-B3,0.0,P8,pre,S5,theta,2.3845431500277145e-10,9.375,Pz
72.0,S5-B3,0.0,P8,slice,S5,theta,2.2038149913417035e-11,9.375,Pz
72.0,S5-B3,1.0,P8,post,S5,theta,2.561390810079085e-11,9.375,P3
72.0,S5-B3,1.0,P8,pre,S5,theta,2.91814839411098e-10,9.375,P3
72.0,S5-B3,1.0,P8,slice,S5,theta,1.8131866901309567e-11,9.375,P3
72.0,S5-B3,2.0,P8,post,S5,theta,1.904612180399128e-11,9.375,O1
72.0,S5-B3,2.0,P8,pre,S5,theta,3.089724607376301e-10,9.375,O1
72.0,S5-B3,2.0,P8,slice,S5,theta,1.596098859397068e-11,9.375,O1
72.0,S5-B3,3.0,P8,post,S5,theta,2.0964535694654835e-11,9.375,Oz
72.0,S5-B3,3.0,P8,pre,S5,theta,2.5852924143558877e-10,9.375,Oz
72.0,S5-B3,3.0,P8,slice,S5,theta,1.766132100280577e-11,9.375,Oz
72.0,S5-B3,4.0,P8,post,S5,theta,2.820354747825923e-11,9.375,O2
72.0,S5-B3,4.0,P8,pre,S5,theta,1.8556560173150391e-10,9.375,O2
72.0,S5-B3,4.0,P8,slice,S5,theta,2.1234566983580598e-11,9.375,O2
72.0,S5-B3,5.0,P8,post,S5,theta,4.436323601807008e-11,9.375,P4
72.0,S5-B3,5.0,P8,pre,S5,theta,1.186988743626408e-10,9.375,P4
72.0,S5-B3,5.0,P8,slice,S5,theta,2.6785234443974628e-11,9.375,P4
73.0,S5-B3,0.0,P8,post,S5,theta,2.4212601829374e-10,9.375,Pz
73.0,S5-B3,0.0,P8,pre,S5,theta,6.041554225810956e-11,9.375,Pz
73.0,S5-B3,0.0,P8,slice,S5,theta,2.1474408503847278e-11,9.375,Pz
73.0,S5-B3,1.0,P8,post,S5,theta,2.406219357125668e-10,9.375,P3
73.0,S5-B3,1.0,P8,pre,S5,theta,4.998305770175922e-11,9.375,P3
73.0,S5-B3,1.0,P8,slice,S5,theta,1.740650297159694e-11,9.375,P3
73.0,S5-B3,2.0,P8,post,S5,theta,1.5523494576432644e-10,9.375,O1
73.0,S5-B3,2.0,P8,pre,S5,theta,3.490241772584201e-11,9.375,O1
73.0,S5-B3,2.0,P8,slice,S5,theta,1.513589647105862e-11,9.375,O1
73.0,S5-B3,3.0,P8,post,S5,theta,1.0511920298407845e-10,9.375,Oz
73.0,S5-B3,3.0,P8,pre,S5,theta,2.9008450485197353e-11,9.375,Oz
73.0,S5-B3,3.0,P8,slice,S5,theta,1.712622283835359e-11,9.375,Oz
73.0,S5-B3,4.0,P8,post,S5,theta,7.394404279952614e-11,9.375,O2
73.0,S5-B3,4.0,P8,pre,S5,theta,2.8503475710952057e-11,9.375,O2
73.0,S5-B3,4.0,P8,slice,S5,theta,2.1169182629383503e-11,9.375,O2
73.0,S5-B3,5.0,P8,post,S5,theta,6.93994125216269e-11,9.375,P4
73.0,S5-B3,5.0,P8,pre,S5,theta,4.1394231819934056e-11,9.375,P4
73.0,S5-B3,5.0,P8,slice,S5,theta,2.714847702033919e-11,9.375,P4
74.0,S5-B3,0.0,P8,post,S5,theta,3.768149636367705e-10,9.375,Pz
74.0,S5-B3,0.0,P8,pre,S5,theta,1.6590063486507317e-10,9.375,Pz
74.0,S5-B3,0.0,P8,slice,S5,theta,2.5122120952796592e-11,9.375,Pz
74.0,S5-B3,1.0,P8,post,S5,theta,3.165604725106755e-10,9.375,P3
74.0,S5-B3,1.0,P8,pre,S5,theta,1.62398469381077e-10,9.375,P3
74.0,S5-B3,1.0,P8,slice,S5,theta,2.061417978010595e-11,9.375,P3
74.0,S5-B3,2.0,P8,post,S5,theta,1.3049893440618286e-10,9.375,O1
74.0,S5-B3,2.0,P8,pre,S5,theta,1.0380322876893099e-10,9.375,O1
74.0,S5-B3,2.0,P8,slice,S5,theta,1.6368051143515158e-11,9.375,O1
74.0,S5-B3,3.0,P8,post,S5,theta,6.356039748070239e-11,9.375,Oz
74.0,S5-B3,3.0,P8,pre,S5,theta,7.177262838788303e-11,9.375,Oz
74.0,S5-B3,3.0,P8,slice,S5,theta,1.7339207314125973e-11,9.375,Oz
74.0,S5-B3,4.0,P8,post,S5,theta,5.0691898946067545e-11,9.375,O2
74.0,S5-B3,4.0,P8,pre,S5,theta,5.4299771899451705e-11,9.375,O2
74.0,S5-B3,4.0,P8,slice,S5,theta,2.0842580875357565e-11,9.375,O2
74.0,S5-B3,5.0,P8,post,S5,theta,1.0083251268419003e-10,9.375,P4
74.0,S5-B3,5.0,P8,pre,S5,theta,5.502040178802381e-11,9.375,P4
74.0,S5-B3,5.0,P8,slice,S5,theta,2.6891934793730093e-11,9.375,P4
75.0,S5-B3,0.0,P8,post,S5,theta,7.334508080062779e-11,9.375,Pz
75.0,S5-B3,0.0,P8,pre,S5,theta,4.0308614477368906e-10,9.375,Pz
75.0,S5-B3,0.0,P8,slice,S5,theta,2.382663409901461e-11,9.375,Pz
75.0,S5-B3,1.0,P8,post,S5,theta,5.533961308537697e-11,9.375,P3
75.0,S5-B3,1.0,P8,pre,S5,theta,3.322855837520268e-10,9.375,P3
75.0,S5-B3,1.0,P8,slice,S5,theta,1.9218576334567327e-11,9.375,P3
75.0,S5-B3,2.0,P8,post,S5,theta,2.5778795926898734e-11,9.375,O1
75.0,S5-B3,2.0,P8,pre,S5,theta,1.3580496433494175e-10,9.375,O1
75.0,S5-B3,2.0,P8,slice,S5,theta,1.536440781022471e-11,9.375,O1
75.0,S5-B3,3.0,P8,post,S5,theta,1.8559553666063655e-11,9.375,Oz
75.0,S5-B3,3.0,P8,pre,S5,theta,7.00169076117675e-11,9.375,Oz
75.0,S5-B3,3.0,P8,slice,S5,theta,1.689578515730435e-11,9.375,Oz
75.0,S5-B3,4.0,P8,post,S5,theta,2.6267607449722006e-11,9.375,O2
75.0,S5-B3,4.0,P8,pre,S5,theta,6.150835182909059e-11,9.375,O2
75.0,S5-B3,4.0,P8,slice,S5,theta,2.0947392893638868e-11,9.375,O2
75.0,S5-B3,5.0,P8,post,S5,theta,5.179012426109992e-11,9.375,P4
75.0,S5-B3,5.0,P8,pre,S5,theta,1.1795420523792114e-10,9.375,P4
75.0,S5-B3,5.0,P8,slice,S5,theta,2.7442098098452452e-11,9.375,P4
